-175 -1654.63080704
-170 -1654.63099087
-165 -1654.63123091
-160 -1654.63147731
-155 -1654.63168127
-150 -1654.63181639
-145 -1654.63186116
-140 -1654.63180795
-135 -1654.63169919
-130 -1654.63145877
-125 -1654.63114634
-120 -1654.63077977
-115 -1654.63038558
-110 -1654.62999765
-105 -1654.62964668
-100 -1654.62936998
-95 -1654.62919713
-70 -1654.63034834
-65 -1654.63083608
-40 -1654.63277438
-35 -1654.63294500
-30 -1654.63302539
-25 -1654.63302344
-20 -1654.63295475
-15 -1654.63284235
-10 -1654.63271733
-5 -1654.63261563
0 -1654.63257556
5 -1654.63261584
10 -1654.63271711
15 -1654.63284176
20 -1654.63295431
25 -1654.63302349
30 -1654.63302553
35 -1654.63294537
40 -1654.63277522
45 -1654.63256196
50 -1654.63221683
55 -1654.63179921
60 -1654.63132798
65 -1654.63083496
70 -1654.63034809
75 -1654.62990301
80 -1654.62953621
85 -1654.62927765
90 -1654.62916327
95 -1654.62919735
100 -1654.62937022
105 -1654.62964794
110 -1654.62999729
115 -1654.63038577
120 -1654.63078012
125 -1654.63114595
130 -1654.63145903
135 -1654.63169948
140 -1654.63180805
145 -1654.63186116
150 -1654.63181600
155 -1654.63168148
160 -1654.63147637
165 -1654.63123141
170 -1654.63098998
175 -1654.63080729
180 -1654.63073564
