-175 -2358.76863866
-170 -2358.76955084
-165 -2358.77045781
-160 -2358.77128173
-155 -2358.77201489
-150 -2358.77261220
-145 -2358.77308345
-140 -2358.77342998
-135 -2358.77366852
-130 -2358.77380654
-125 -2358.77386942
-120 -2358.77387082
-115 -2358.77381401
-110 -2358.77371447
-105 -2358.77361400
-100 -2358.77349687
-95 -2358.77340201
-90 -2358.77336748
-85 -2358.77339977
-80 -2358.77348749
-75 -2358.77360584
-70 -2358.77381913
-65 -2358.77396637
-60 -2358.77412646
-55 -2358.77426544
-50 -2358.77427327
-45 -2358.77424992
-40 -2358.77410560
-35 -2358.77383144
-30 -2358.77340776
-25 -2358.77285647
-20 -2358.77216861
-15 -2358.77140444
-10 -2358.77058908
-5 -2358.76979243
0 -2358.76919563
5 -2358.76904122
10 -2358.76923913
15 -2358.77140792
20 -2358.77216784
25 -2358.77285764
30 -2358.77340686
35 -2358.77382885
40 -2358.77410445
45 -2358.77425044
50 -2358.77427331
55 -2358.77426612
60 -2358.77412649
65 -2358.77396608
70 -2358.77381975
75 -2358.77360514
80 -2358.77348736
85 -2358.77340017
90 -2358.77336767
95 -2358.77340181
100 -2358.77349681
105 -2358.77361376
110 -2358.77371464
115 -2358.77381355
120 -2358.77387114
125 -2358.77386959
130 -2358.77380591
135 -2358.77366773
140 -2358.77343204
145 -2358.77308251
150 -2358.77261411
160 -2358.77128411
165 -2358.77045529
170 -2358.76954524
175 -2358.76864048
180 -2358.76779468
