-175 -1613.80010381
-170 -1613.80046784
-165 -1613.80096346
-160 -1613.80151248
-155 -1613.80205099
-150 -1613.80249977
-145 -1613.80288427
-140 -1613.80316083
-135 -1613.80336428
-130 -1613.80349465
-125 -1613.80357842
-120 -1613.80358551
-115 -1613.80358164
-110 -1613.80357193
-105 -1613.80359823
-100 -1613.80362114
-95 -1613.80365854
-90 -1613.80372158
-85 -1613.80378430
-80 -1613.80385077
-75 -1613.80389578
-70 -1613.80389637
-65 -1613.80383116
-60 -1613.80374065
-55 -1613.80358260
-50 -1613.80337999
-45 -1613.80313215
-40 -1613.80284359
-35 -1613.80254117
-30 -1613.80221548
-25 -1613.80190625
-20 -1613.80161529
-15 -1613.80137077
-10 -1613.80119433
-5 -1613.80109226
0 -1613.80107410
5 -1613.80109398
10 -1613.80119755
15 -1613.80137166
20 -1613.80161407
25 -1613.80190268
30 -1613.80221615
35 -1613.80254144
40 -1613.80284338
45 -1613.80313068
50 -1613.80338007
55 -1613.80358541
60 -1613.80373507
65 -1613.80383067
70 -1613.80389654
75 -1613.80389009
80 -1613.80385241
95 -1613.80366391
100 -1613.80362115
105 -1613.80359872
110 -1613.80357082
115 -1613.80358225
120 -1613.80358562
125 -1613.80358157
130 -1613.80349462
135 -1613.80336425
140 -1613.80316054
145 -1613.80288137
150 -1613.80249417
155 -1613.80205295
160 -1613.80151270
165 -1613.80096599
170 -1613.80044433


