-90 -2353.7253829
-85 -2353.7256185
-80 -2353.7257226
-70 -2353.7269317
-65 -2353.7275059
-60 -2353.7280979
-55 -2353.7285633
-50 -2353.728998
-45 -2353.7291651
-40 -2353.7293222
-35 -2353.7293177
-30 -2353.7292409
-25 -2353.7288937
-20 -2353.7284586
-15 -2353.7279735
-10 -2353.7272355
-5 -2353.726614
0 -2353.72608
15 -2353.7279567
20 -2353.7284985
25 -2353.7288685
30 -2353.7291964
35 -2353.7293588
40 -2353.7294228
45 -2353.7292387
50 -2353.7289404
55 -2353.7286183
60 -2353.7280261
65 -2353.7275248
70 -2353.7268642
75 -2353.726607
80 -2353.7257863
85 -2353.7255728
90 -2353.7254619
