-160 -2359.33543125
-150 -2359.33578750
-140 -2359.33671921
-130 -2359.33649202
-120 -2359.33591115
-110 -2359.33520864
-100 -2359.33446335
-90 -2359.33427346
-80 -2359.33488416
-70 -2359.33590890
-60 -2359.33713311
-50 -2359.33793795
-40 -2359.33831272
-30 -2359.33813136
-20 -2359.33741722
-10 -2359.33635861
0 -2359.33540987
10 -2359.33532881
20 -2359.33741690
30 -2359.33813099
40 -2359.33831305
50 -2359.33793828
60 -2359.33713314
70 -2359.33591144
80 -2359.33488361
90 -2359.33427268
100 -2359.33446344
110 -2359.33520770
120 -2359.33591455
130 -2359.33649345
140 -2359.33671919
150 -2359.33578733
160 -2359.33543239
170 -2359.33472005
180 -2359.33377234
