-175 -2359.49887154
-170 -2359.49983259
-165 -2359.50075496
-160 -2359.50156954
-155 -2359.50228073
-150 -2359.50284737
-145 -2359.50328510
-140 -2359.50360343
-135 -2359.50380068
-130 -2359.50389540
-125 -2359.50392226
-120 -2359.50393630
-115 -2359.50385609
-110 -2359.50378020
-105 -2359.50358967
-100 -2359.50347812
-95 -2359.50339624
-90 -2359.50336407
-85 -2359.50338893
-80 -2359.50342445
-75 -2359.50352442
-70 -2359.50365123
-65 -2359.50375578
-60 -2359.50383064
-55 -2359.50390812
-50 -2359.50392233
-45 -2359.50385626
-40 -2359.50366766
-35 -2359.50335249
-30 -2359.50292405
-25 -2359.50236831
-20 -2359.50169482
-15 -2359.50091667
-10 -2359.50005988
-5 -2359.49916793
0 -2359.49835425
5 -2359.49768999
10 -2359.49730842
15 -2359.50092022
20 -2359.50169405
25 -2359.50236952
30 -2359.50292318
35 -2359.50334975
40 -2359.50366632
45 -2359.50385711
50 -2359.50392225
55 -2359.50390831
60 -2359.50383076
65 -2359.50375540
70 -2359.50365176
75 -2359.50352443
80 -2359.50342427
85 -2359.50338897
90 -2359.50336383
95 -2359.50339595
100 -2359.50347817
105 -2359.50359068
110 -2359.50377998
115 -2359.50385490
120 -2359.50393674
125 -2359.50392216
130 -2359.50389492
135 -2359.50380015
140 -2359.50360533
145 -2359.50328420
150 -2359.50284920
155 -2359.50227961
160 -2359.50157189
165 -2359.50075251
170 -2359.49982682
175 -2359.49887349
180 -2359.49791646
