-175 -1654.63258144
-170 -1654.63260024
-165 -1654.63260617
-160 -1654.63257708
-155 -1654.63249658
-150 -1654.63235333
-145 -1654.63214550
-140 -1654.63187787
-135 -1654.63155675
-130 -1654.63119801
-125 -1654.63086701
-120 -1654.63049238
-115 -1654.63014132
-110 -1654.62983575
-105 -1654.62958409
-100 -1654.62939483
-95 -1654.62927238
-90 -1654.62922849
-85 -1654.62926825
-80 -1654.62940130
-75 -1654.62961611
-70 -1654.62989201
-65 -1654.63021256
-60 -1654.63055419
-55 -1654.63089048
-50 -1654.63117153
-45 -1654.63146753
-40 -1654.63172881
-35 -1654.63195607
-30 -1654.63214659
-25 -1654.63230038
-20 -1654.63241619
-15 -1654.63249743
-10 -1654.63254671
-5 -1654.63256799
0 -1654.63256569
5 -1654.63186913
10 -1654.63254685
15 -1654.63249782
20 -1654.63241675
25 -1654.63230022
30 -1654.63214725
35 -1654.63195674
40 -1654.63172976
45 -1654.63146702
50 -1654.63117221
55 -1654.63089235
60 -1654.63055153
65 -1654.63021174
70 -1654.62989180
75 -1654.62961563
80 -1654.62940242
85 -1654.62926864
90 -1654.62922826
95 -1654.62927264
100 -1654.62939501
105 -1654.62958500
110 -1654.62983550
115 -1654.63014149
120 -1654.63049272
125 -1654.63086657
130 -1654.63119831
135 -1654.63155722
140 -1654.63187790
145 -1654.63214559
150 -1654.63235407
155 -1654.63249652
160 -1654.63257737
165 -1654.63260623
170 -1654.63260026
175 -1654.63258142
180 -1654.63257131
