-175     -7.8952621e+01
-170     -8.3694069e+01
-165     -8.9475822e+01
-160     -9.4961731e+01
-155     -1.0144495e+02
-150     -1.0689476e+02
-145     -1.1264381e+02
-140     -1.1756737e+02
-135     -1.2191905e+02
-130     -1.2604395e+02
-125     -1.2923877e+02
-120     -1.3196822e+02
-115     -1.3415649e+02
-110     -1.3586960e+02
-105     -1.3705537e+02
-100     -1.3780437e+02
-95     -1.3830179e+02
-90     -1.3833289e+02
-85     -1.3836821e+02
-80     -1.3829881e+02
-75     -1.3763251e+02
-70     -1.3673128e+02
-65     -1.3533217e+02
-60     -1.3342946e+02
-55     -1.3101347e+02
-50     -1.2776728e+02
-45     -1.2455540e+02
-40     -1.2101463e+02
-35     -1.1673963e+02
-30     -1.1213104e+02
-25     -1.0678107e+02
-20     -1.0194774e+02
-15     -9.6095650e+01
-10     -9.1881279e+01
-5     -8.5948929e+01
0     -8.2419853e+01
5     -8.6711143e+01
15     -9.6004494e+01
20     -1.0187918e+02
25     -1.0668705e+02
30     -1.1211102e+02
35     -1.1673479e+02
40     -1.2101791e+02
45     -1.2481550e+02
50     -1.2812532e+02
55     -1.3091562e+02
60     -1.3313359e+02
65     -1.3509877e+02
70     -1.3659660e+02
75     -1.3780011e+02
80     -1.3825597e+02
85     -1.3849760e+02
90     -1.3843124e+02
95     -1.3774731e+02
100     -1.3797350e+02
105     -1.3703323e+02
110     -1.3587120e+02
115     -1.3421686e+02
120     -1.3200500e+02
125     -1.2947694e+02
130     -1.2617418e+02
135     -1.2239707e+02
140     -1.1792944e+02
145     -1.1292848e+02
150     -1.0746989e+02
155     -1.0167445e+02
160     -9.5476334e+01
165     -8.9524361e+01
170     -8.3993507e+01
175     -7.8890427e+01
180     -7.5221375e+01
