-175     -1.2495796e+02
-170     -1.2736522e+02
-165     -1.2934177e+02
-160     -1.3082639e+02
-155     -1.3215329e+02
-150     -1.3264514e+02
-145     -1.3320604e+02
-140     -1.3322334e+02
-135     -1.3286900e+02
-130     -1.3226735e+02
-125     -1.3163316e+02
-120     -1.3101607e+02
-115     -1.3029320e+02
-110     -1.2981665e+02
-105     -1.2922630e+02
-100     -1.2894914e+02
-95     -1.2884254e+02
-90     -1.2898759e+02
-85     -1.2922270e+02
-80     -1.3014653e+02
-75     -1.3115349e+02
-70     -1.3212975e+02
-65     -1.3297452e+02
-60     -1.3413785e+02
-55     -1.3507666e+02
-50     -1.3608383e+02
-45     -1.3700191e+02
-40     -1.3771103e+02
-35     -1.3780194e+02
-30     -1.3802606e+02
-25     -1.3748849e+02
-20     -1.3636028e+02
-15     -1.3435571e+02
-10     -1.3308725e+02
-5     -1.3039940e+02
0     -1.2672562e+02
5     -1.3029338e+02
10     -1.3274651e+02
15     -1.3414050e+02
20     -1.3659161e+02
25     -1.3758388e+02
30     -1.3788303e+02
35     -1.3791145e+02
40     -1.3767200e+02
45     -1.3703757e+02
50     -1.3606145e+02
55     -1.3502791e+02
60     -1.3419180e+02
65     -1.3296550e+02
70     -1.3211412e+02
75     -1.3122173e+02
80     -1.3027896e+02
85     -1.2933043e+02
90     -1.2886002e+02
95     -1.2874451e+02
100     -1.2900108e+02
105     -1.2914574e+02
110     -1.2955110e+02
115     -1.3033400e+02
120     -1.3092633e+02
125     -1.3167815e+02
130     -1.3244919e+02
135     -1.3288780e+02
140     -1.3322392e+02
145     -1.3328311e+02
150     -1.3275128e+02
155     -1.3221106e+02
160     -1.3094476e+02
165     -1.2937140e+02
170     -1.2740338e+02
175     -1.2489140e+02
180     -1.2228048e+02
