-175     -1.8183673e+02
-170     -1.8311348e+02
-165     -1.8451285e+02
-160     -1.8571997e+02
-155     -1.8710983e+02
-145     -1.8829257e+02
-140     -1.8856361e+02
-135     -1.8859268e+02
-130     -1.8822731e+02
-125     -1.8751416e+02
-120     -1.8652409e+02
-115     -1.8550926e+02
-110     -1.8470514e+02
-100     -1.8337216e+02
-95     -1.8278198e+02
-90     -1.8283652e+02
-85     -1.8263516e+02
-80     -1.8330348e+02
-75     -1.8476811e+02
-70     -1.8655727e+02
-65     -1.8826656e+02
-60     -1.8996140e+02
-55     -1.9118787e+02
-45     -1.9270874e+02
-40     -1.9279141e+02
-35     -1.9267934e+02
-30     -1.9207877e+02
-25     -1.9110487e+02
-20     -1.9002580e+02
-5     -1.8658786e+02
0     -1.8617372e+02
5     -1.8655502e+02
10     -1.8751842e+02
15     -1.8875452e+02
25     -1.9124950e+02
30     -1.9217300e+02
35     -1.9283125e+02
40     -1.9299083e+02
45     -1.9283807e+02
50     -1.9229364e+02
55     -1.9137830e+02
60     -1.9002289e+02
65     -1.8850290e+02
70     -1.8666182e+02
75     -1.8491719e+02
80     -1.8326335e+02
85     -1.8265858e+02
90     -1.8262704e+02
95     -1.8230553e+02
100     -1.8326010e+02
105     -1.8333650e+02
110     -1.8457089e+02
115     -1.8525691e+02
120     -1.8622905e+02
125     -1.8730119e+02
130     -1.8799188e+02
135     -1.8810709e+02
140     -1.8832547e+02
145     -1.8812247e+02
150     -1.8802289e+02
155     -1.8655898e+02
160     -1.8571710e+02
165     -1.8432433e+02
170     -1.8292416e+02
175     -1.8175507e+02
180     -1.8118369e+02
