-175     -1.8864001e+02
-170     -1.8969781e+02
-165     -1.9053140e+02
-160     -1.9134572e+02
-155     -1.9196974e+02
-150     -1.9251352e+02
-145     -1.9252145e+02
-140     -1.9275322e+02
-135     -1.9283061e+02
-130     -1.9282915e+02
-125     -1.9267334e+02
-120     -1.9246759e+02
-115     -1.9226369e+02
-110     -1.9214050e+02
-105     -1.9179721e+02
-100     -1.9159113e+02
-95     -1.9117107e+02
-90     -1.9092549e+02
-85     -1.9026123e+02
-80     -1.9007748e+02
-75     -1.9033743e+02
-70     -1.9086211e+02
-65     -1.9138432e+02
-60     -1.9171457e+02
-55     -1.9174391e+02
-50     -1.9127570e+02
-45     -1.9096359e+02
-40     -1.9014000e+02
-35     -1.8921942e+02
-30     -1.8792371e+02
-25     -1.8649307e+02
-20     -1.8489053e+02
-15     -1.8328467e+02
-10     -1.8185506e+02
-5     -1.8076721e+02
0     -1.8038728e+02
5     -1.8078377e+02
10     -1.8181091e+02
15     -1.8327617e+02
20     -1.8488654e+02
25     -1.8656802e+02
30     -1.8795317e+02
35     -1.8922362e+02
40     -1.9037578e+02
45     -1.9104565e+02
50     -1.9158441e+02
55     -1.9192647e+02
60     -1.9180414e+02
65     -1.9160268e+02
70     -1.9106166e+02
75     -1.9044838e+02
80     -1.8993887e+02
85     -1.8968517e+02
90     -1.9075926e+02
95     -1.9084889e+02
100     -1.9152707e+02
105     -1.9161909e+02
110     -1.9199780e+02
115     -1.9209085e+02
120     -1.9216704e+02
125     -1.9257121e+02
130     -1.9279900e+02
135     -1.9248964e+02
140     -1.9241891e+02
145     -1.9242902e+02
150     -1.9225481e+02
155     -1.9199202e+02
160     -1.9119112e+02
165     -1.9027585e+02
170     -1.8947147e+02
175     -1.8863707e+02
180     -1.8832918e+02
