-175 -2358.76740405
-170 -2358.76832149
-165 -2358.76920030
-160 -2358.76999795
-155 -2358.77073366
-150 -2358.77135750
-145 -2358.77186172
-140 -2358.77226738
-135 -2358.77263284
-130 -2358.77287958
-125 -2358.77305972
-120 -2358.77319073
-115 -2358.77328059
-110 -2358.77333808
-105 -2358.77336014
-100 -2358.77335714
-95 -2358.77331539
-90 -2358.77333250
-85 -2358.77338591
-80 -2358.77346307
-75 -2358.77354865
-70 -2358.77365862
-65 -2358.77384763
-60 -2358.77400448
-55 -2358.77406891
-50 -2358.77412765
-45 -2358.77406498
-40 -2358.77387584
-35 -2358.77352899
-30 -2358.77303787
-25 -2358.77239541
-20 -2358.77162358
-15 -2358.77075086
-10 -2358.76982411
-5 -2358.76890410
0 -2358.76811221
5 -2358.76764930
10 -2358.76934949
15 -2358.77027323
20 -2358.77115114
25 -2358.77193648
30 -2358.77260012
35 -2358.77311583
40 -2358.77348678
45 -2358.77371324
50 -2358.77379869
55 -2358.77376801
60 -2358.77365518
65 -2358.77350394
70 -2358.77339409
75 -2358.77332263
80 -2358.77328639
85 -2358.77325757
90 -2358.77327282
95 -2358.77330544
100 -2358.77336198
105 -2358.77342218
110 -2358.77344928
115 -2358.77344665
120 -2358.77341004
125 -2358.77332209
130 -2358.77317372
135 -2358.77295869
140 -2358.77267310
145 -2358.77228089
150 -2358.77178174
155 -2358.77115805
160 -2358.77041752
165 -2358.76960037
170 -2358.76871521
175 -2358.76780269
