-175 -2359.33420916
-165 -2359.33525942
-160 -2359.33543125
-155 -2359.33571410
-150 -2359.33578750
-145 -2359.33666045
-140 -2359.33671921
-135 -2359.33666030
-130 -2359.33649202
-125 -2359.33623766
-120 -2359.33591115
-115 -2359.33554000
-110 -2359.33520864
-105 -2359.33483412
-100 -2359.33446335
-95 -2359.33426990
-90 -2359.33427346
-85 -2359.33445801
-80 -2359.33488416
-75 -2359.33535480
-70 -2359.33590890
-65 -2359.33654023
-60 -2359.33713311
-55 -2359.33762076
-50 -2359.33793795
-45 -2359.33819349
-40 -2359.33831272
-35 -2359.33829277
-30 -2359.33813136
-25 -2359.33783492
-20 -2359.33741722
-15 -2359.33691161
-10 -2359.33635861
-5 -2359.33581937
0 -2359.33540987
5 -2359.33526105
10 -2359.33532881
15 -2359.33691392
20 -2359.33741690
25 -2359.33783563
30 -2359.33813099
35 -2359.33829213
40 -2359.33831305
45 -2359.33819239
50 -2359.33793828
55 -2359.33762309
60 -2359.33713314
65 -2359.33653896
70 -2359.33591144
75 -2359.33535512
80 -2359.33488361
85 -2359.33445926
90 -2359.33427268
95 -2359.33426937
100 -2359.33446344
105 -2359.33483442
110 -2359.33520770
115 -2359.33559760
120 -2359.33591455
125 -2359.33623628
130 -2359.33649345
135 -2359.33666080
140 -2359.33671919
145 -2359.33666016
150 -2359.33578733
155 -2359.33571383
160 -2359.33543239
170 -2359.33472005
175 -2359.33421018
180 -2359.33377235
