-170     -6.2925617e+01
-160     -6.4027275e+01
-150     -6.4731728e+01
-140     -6.4579384e+01
-130     -6.3598133e+01
-120     -6.1686775e+01
-110     -5.9049274e+01
-100     -5.6351440e+01
-90     -5.5215050e+01
-80     -5.7608341e+01
-70     -6.1212101e+01
-60     -6.4573868e+01
-50     -6.7206802e+01
-40     -6.8977669e+01
-30     -6.9856400e+01
-20     -6.9983398e+01
-10     -6.9655014e+01
0     -6.9421715e+01
10     -6.9623085e+01
20     -6.9919479e+01
30     -6.9811249e+01
40     -6.8939667e+01
50     -6.7183907e+01
60     -6.4548836e+01
70     -6.1212086e+01
80     -5.7642609e+01
90     -5.5229347e+01
100     -5.6381775e+01
110     -5.9111309e+01
120     -6.1711578e+01
130     -6.3640911e+01
140     -6.4658630e+01
150     -6.4777977e+01
160     -6.4085716e+01
170     -6.2964085e+01
180     -6.2264019e+01
