-170     -6.6614677e+01
-160     -6.7855606e+01
-150     -6.8256096e+01
-140     -6.9714668e+01
-130     -7.0960266e+01
-120     -7.1944214e+01
-110     -7.2657814e+01
-100     -7.3176109e+01
-90     -7.3510086e+01
-80     -7.3653091e+01
-70     -7.3672478e+01
-60     -7.3499199e+01
-50     -7.3120560e+01
-40     -7.2472664e+01
-30     -7.1613914e+01
-20     -7.0663742e+01
-10     -6.9846092e+01
0     -6.9512512e+01
10     -6.9818024e+01
20     -7.0600517e+01
30     -7.1564430e+01
40     -7.2423180e+01
50     -7.3088608e+01
60     -7.3496941e+01
70     -7.3690514e+01
80     -7.3687302e+01
90     -7.3537247e+01
100     -7.3211670e+01
110     -7.2710800e+01
120     -7.1989639e+01
130     -7.1009201e+01
140     -6.6170731e+01
150     -7.0107124e+01
160     -6.8516586e+01
170     -6.7157021e+01
180     4.0730743e+02
