-175     -1.9436632e+02
-170     -1.9667590e+02
-165     -1.9990099e+02
-160     -2.0305615e+02
-155     -2.0577039e+02
-150     -2.0836348e+02
-145     -2.1070679e+02
-140     -2.1249652e+02
-135     -2.1409274e+02
-130     -2.1550786e+02
-125     -2.1689104e+02
-120     -2.1737123e+02
-115     -2.1814679e+02
-110     -2.1830751e+02
-105     -2.1907324e+02
-100     -2.1970573e+02
-95     -2.1961464e+02
-90     -2.2018095e+02
-85     -2.2043109e+02
-80     -2.2099573e+02
-75     -2.2141074e+02
-70     -2.2207382e+02
-65     -2.2238841e+02
-60     -2.2241272e+02
-55     -2.2281688e+02
-50     -2.2219235e+02
-45     -2.2119769e+02
-40     -2.2026164e+02
-35     -2.1876552e+02
-30     -2.1672139e+02
-25     -2.1428854e+02
-20     -2.1142976e+02
-15     -2.0836140e+02
-10     -2.0500912e+02
-5     -2.0161774e+02
0     -1.9936261e+02
5     -2.0166006e+02
10     -2.0473566e+02
15     -2.0814836e+02
20     -2.1118115e+02
25     -2.1433223e+02
30     -2.1662851e+02
35     -2.1872130e+02
40     -2.2031499e+02
45     -2.2153387e+02
50     -2.2223120e+02
55     -2.2261436e+02
60     -2.2308232e+02
65     -2.2255942e+02
70     -2.2242236e+02
75     -2.2160100e+02
80     -2.2101311e+02
85     -2.2065031e+02
90     -2.2045888e+02
95     -2.1998241e+02
100     -2.1970125e+02
105     -2.1919217e+02
110     -2.1880383e+02
115     -2.1841359e+02
120     -2.1777583e+02
125     -2.1688419e+02
130     -2.1592809e+02
135     -2.1456145e+02
140     -2.1227545e+02
145     -2.1100673e+02
150     -2.0861760e+02
155     -2.0579451e+02
160     -2.0308867e+02
165     -2.0023540e+02
170     -1.9727641e+02
175     -1.9462700e+02
180     -1.9296837e+02
