-175     -2.1027574e+02
-170     -2.1224323e+02
-165     -2.1411218e+02
-160     -2.1576384e+02
-155     -2.1679231e+02
-150     -2.1788002e+02
-140     -2.1875943e+02
-135     -2.1828922e+02
-130     -2.1791214e+02
-125     -2.1723608e+02
-120     -2.1601524e+02
-115     -2.1511447e+02
-110     -2.1446547e+02
-105     -2.1388327e+02
-100     -2.1348907e+02
-95     -2.1326457e+02
-90     -2.1323532e+02
-85     -2.1362549e+02
-80     -2.1429231e+02
-75     -2.1531067e+02
-70     -2.1663719e+02
-65     -2.1832338e+02
-60     -2.1936679e+02
-55     -2.2047418e+02
-50     -2.2139148e+02
-45     -2.2233836e+02
-40     -2.2273785e+02
-35     -2.2306590e+02
-30     -2.2284329e+02
-25     -2.2213289e+02
-20     -2.2083522e+02
-15     -2.1922525e+02
-10     -2.1720123e+02
-5     -2.1496088e+02
0     -2.1326483e+02
5     -2.1485667e+02
10     -2.1715233e+02
15     -2.1907556e+02
20     -2.2081311e+02
25     -2.2203912e+02
30     -2.2292111e+02
35     -2.2312459e+02
40     -2.2298483e+02
45     -2.2250465e+02
50     -2.2182512e+02
55     -2.2079318e+02
60     -2.1961702e+02
65     -2.1850558e+02
70     -2.1700420e+02
75     -2.1559340e+02
80     -2.1435049e+02
85     -2.1359303e+02
90     -2.1339693e+02
95     -2.1316777e+02
100     -2.1346191e+02
105     -2.1374940e+02
110     -2.1435042e+02
115     -2.1517049e+02
120     -2.1634482e+02
125     -2.1721797e+02
130     -2.1784242e+02
135     -2.1865179e+02
140     -2.1875894e+02
145     -2.1851610e+02
150     -2.1821461e+02
155     -2.1730101e+02
160     -2.1570337e+02
165     -2.1415742e+02
170     -2.1195236e+02
175     -2.1061308e+02
180     -2.0933902e+02
