-175     -1.4550185e+02
-170     -1.4695477e+02
-165     -1.4911545e+02
-160     -1.5174881e+02
-155     -1.5459058e+02
-150     -1.5727374e+02
-145     -1.5974599e+02
-140     -1.6200513e+02
-135     -1.6365656e+02
-130     -1.6534430e+02
-125     -1.6673782e+02
-120     -1.6802632e+02
-115     -1.6911896e+02
-110     -1.6983157e+02
-105     -1.7062823e+02
-100     -1.7143323e+02
-95     -1.7171941e+02
-90     -1.7239961e+02
-85     -1.7303212e+02
-80     -1.7363280e+02
-75     -1.7433780e+02
-70     -1.7520410e+02
-65     -1.7557303e+02
-60     -1.7563358e+02
-55     -1.7558084e+02
-50     -1.7518227e+02
-45     -1.7437636e+02
-40     -1.7337088e+02
-35     -1.7230908e+02
-30     -1.7083031e+02
-25     -1.6907961e+02
-20     -1.6732205e+02
-15     -1.6565681e+02
-10     -1.6404265e+02
-5     -1.6306133e+02
0     -1.6265862e+02
5     -1.6301514e+02
10     -1.6415628e+02
15     -1.6552104e+02
20     -1.6725417e+02
25     -1.6908043e+02
30     -1.7080995e+02
35     -1.7224452e+02
40     -1.7347443e+02
45     -1.7448454e+02
50     -1.7524783e+02
55     -1.7558806e+02
60     -1.7582835e+02
65     -1.7576801e+02
70     -1.7532996e+02
75     -1.7469794e+02
80     -1.7388699e+02
85     -1.7329359e+02
90     -1.7254637e+02
95     -1.7199786e+02
100     -1.7145073e+02
105     -1.7072713e+02
110     -1.6991374e+02
115     -1.6899248e+02
120     -1.6821510e+02
125     -1.6711980e+02
130     -1.6562149e+02
135     -1.6398476e+02
140     -1.6225392e+02
145     -1.5989301e+02
150     -1.5751158e+02
155     -1.5483221e+02
160     -1.5198711e+02
165     -1.4949500e+02
170     -1.4715202e+02
175     -1.4548715e+02
180     -1.4497156e+02
