-175     -1.6488342e+02
-170     -1.6583394e+02
-165     -1.6715019e+02
-160     -1.6822079e+02
-155     -1.6945573e+02
-150     -1.7047511e+02
-145     -1.7114442e+02
-140     -1.7124617e+02
-135     -1.7130209e+02
-130     -1.7094875e+02
-125     -1.7035779e+02
-120     -1.6942897e+02
-115     -1.6853227e+02
-110     -1.6766045e+02
-105     -1.6677489e+02
-100     -1.6614531e+02
-95     -1.6568605e+02
-90     -1.6542082e+02
-85     -1.6596382e+02
-80     -1.6645673e+02
-75     -1.6801669e+02
-70     -1.6972122e+02
-65     -1.7125497e+02
-60     -1.7286935e+02
-55     -1.7415738e+02
-50     -1.7491029e+02
-45     -1.7584520e+02
-40     -1.7606871e+02
-35     -1.7592505e+02
-30     -1.7536098e+02
-25     -1.7452760e+02
-20     -1.7326868e+02
-15     -1.7195660e+02
-10     -1.7065535e+02
-5     -1.6964650e+02
0     -1.6918715e+02
5     -1.6953059e+02
10     -1.7052632e+02
15     -1.7191533e+02
20     -1.7320993e+02
25     -1.7448909e+02
30     -1.7535298e+02
35     -1.7596884e+02
40     -1.7597194e+02
45     -1.7584778e+02
50     -1.7514407e+02
55     -1.7420120e+02
60     -1.7295364e+02
65     -1.7162506e+02
70     -1.7001062e+02
75     -1.6849045e+02
80     -1.6693469e+02
85     -1.6590817e+02
90     -1.6551489e+02
95     -1.6568588e+02
100     -1.6591370e+02
105     -1.6664462e+02
110     -1.6760921e+02
115     -1.6878857e+02
120     -1.6938850e+02
125     -1.7024095e+02
130     -1.7073776e+02
135     -1.7136087e+02
140     -1.7156064e+02
145     -1.7124776e+02
150     -1.7073254e+02
155     -1.6968947e+02
160     -1.6841693e+02
165     -1.6729242e+02
170     -1.6601433e+02
175     -1.6496648e+02
180     -1.6457213e+02
