-175     1.2051772e+02
-170     1.2033508e+02
-165     1.1974040e+02
-160     1.1956473e+02
-155     1.1962083e+02
-150     1.1998447e+02
-145     1.2069390e+02
-140     1.2169901e+02
-135     1.2303779e+02
-130     1.2458826e+02
-125     1.2633430e+02
-120     1.2817180e+02
-115     1.2995064e+02
-110     1.3159166e+02
-105     1.3293613e+02
-100     1.3390147e+02
-95     1.3439821e+02
-90     1.3442867e+02
-85     1.3392160e+02
-80     1.3299530e+02
-75     1.3167996e+02
-70     1.3005164e+02
-65     1.2813940e+02
-60     1.2605246e+02
-55     1.2387690e+02
-50     1.2162885e+02
-45     1.1940785e+02
-40     1.1728770e+02
-35     1.1534719e+02
-30     1.1367373e+02
-25     1.1230772e+02
-20     1.1134299e+02
-15     1.1082191e+02
-10     1.1076100e+02
-5     1.1113915e+02
0     1.1199270e+02
5     1.1102402e+02
10     1.1061040e+02
15     1.1064388e+02
20     1.1115511e+02
25     1.1215662e+02
30     1.1347472e+02
35     1.1516895e+02
40     1.1719805e+02
45     1.1927557e+02
50     1.2151064e+02
55     1.2376240e+02
60     1.2597224e+02
65     1.2810489e+02
70     1.2999234e+02
75     1.3163943e+02
80     1.3297757e+02
85     1.3395444e+02
90     1.3438942e+02
95     1.3440273e+02
100     1.3391547e+02
105     1.3293645e+02
110     1.3159497e+02
115     1.2996922e+02
120     1.2818593e+02
125     1.2637173e+02
130     1.2463567e+02
135     1.2307939e+02
140     1.2173301e+02
145     1.2070150e+02
150     1.1999020e+02
155     1.1959527e+02
160     1.1950606e+02
165     1.1962215e+02
170     1.1992818e+02
175     1.2024270e+02
180     1.2066376e+02
