-175     1.1888682e+02
-170     1.1816846e+02
-165     1.1688287e+02
-160     1.1567711e+02
-155     1.1446204e+02
-150     1.1334583e+02
-145     1.1237284e+02
-140     1.1151132e+02
-135     1.1080588e+02
-130     1.1027013e+02
-125     1.0986936e+02
-120     1.0965464e+02
-115     1.0957378e+02
-110     1.0958900e+02
-105     1.0975656e+02
-100     1.1001035e+02
-95     1.1036513e+02
-90     1.1080406e+02
-85     1.1129687e+02
-80     1.1187273e+02
-75     1.1246583e+02
-70     1.1314079e+02
-65     1.1383758e+02
-60     1.1462643e+02
-55     1.1549078e+02
-50     1.1642680e+02
-45     1.1749073e+02
-40     1.1863077e+02
-35     1.1986250e+02
-30     1.2122157e+02
-25     1.2260140e+02
-20     1.2432790e+02
-15     1.2567401e+02
-10     1.2727505e+02
-5     1.2881201e+02
0     1.3029289e+02
5     1.2869237e+02
10     1.2714812e+02
15     1.2546184e+02
20     1.2389742e+02
25     1.2239406e+02
30     1.2100527e+02
35     1.1965916e+02
40     1.1844376e+02
45     1.1736087e+02
50     1.1632628e+02
55     1.1541552e+02
60     1.1456651e+02
65     1.1379032e+02
70     1.1308167e+02
75     1.1244847e+02
80     1.1188951e+02
85     1.1128278e+02
90     1.1080489e+02
95     1.1035261e+02
100     1.1000323e+02
105     1.0974637e+02
110     1.0959150e+02
115     1.0956221e+02
120     1.0966299e+02
125     1.0991436e+02
130     1.1035287e+02
135     1.1085003e+02
140     1.1153632e+02
145     1.1238030e+02
150     1.1336905e+02
155     1.1444647e+02
160     1.1559068e+02
165     1.1675340e+02
170     1.1779051e+02
175     1.1860217e+02
180     1.1918835e+02
