-180 -1333.78966460
-170 -1333.79469716
-160 -1333.80533687
-150 -1333.81478066
-140 -1333.82020883
-130 -1333.82238071
-120 -1333.82292883
-110 -1333.82289596
-100 -1333.82283084
-90 -1333.82280537
-80 -1333.82284142
-70 -1333.82295285
-60 -1333.82310858
-50 -1333.82337888
-40 -1333.82383215
-30 -1333.82444699
-20 -1333.82524725
-10 -1333.82587803
0 -1333.82612264
10 -1333.82587821
20 -1333.82524734
30 -1333.82444689
40 -1333.82383193
50 -1333.82337856
60 -1333.82310825
70 -1333.82295260
80 -1333.82284129
90 -1333.82280536
100 -1333.82283078
110 -1333.82289584
120 -1333.82292851
130 -1333.82237961
140 -1333.82020597
150 -1333.81477509
160 -1333.80532892
170 -1333.79469048
180 -1333.78966460
