-175     -1.7805322e+02
-170     -1.7972801e+02
-165     -1.8181784e+02
-160     -1.8366048e+02
-155     -1.8515657e+02
-150     -1.8627438e+02
-145     -1.8665013e+02
-140     -1.8638469e+02
-135     -1.8605916e+02
-130     -1.8536977e+02
-125     -1.8449371e+02
-120     -1.8348131e+02
-115     -1.8268246e+02
-110     -1.8182597e+02
-105     -1.8159625e+02
-100     -1.8108070e+02
-95     -1.8078963e+02
-90     -1.8085399e+02
-85     -1.8119881e+02
-80     -1.8225999e+02
-75     -1.8342900e+02
-70     -1.8420177e+02
-65     -1.8540373e+02
-60     -1.8647214e+02
-55     -1.8732433e+02
-50     -1.8819893e+02
-45     -1.8894125e+02
-40     -1.8954805e+02
-35     -1.8988757e+02
-30     -1.8998692e+02
-25     -1.8953256e+02
-20     -1.8854866e+02
-15     -1.8679037e+02
-10     -1.8414761e+02
-5     -1.8093359e+02
0     -1.7709294e+02
5     -1.8025136e+02
10     -1.8411180e+02
15     -1.8648050e+02
20     -1.8835626e+02
25     -1.8920848e+02
30     -1.8984496e+02
35     -1.8997299e+02
40     -1.8953908e+02
45     -1.8911099e+02
50     -1.8808636e+02
55     -1.8724387e+02
60     -1.8639996e+02
65     -1.8556322e+02
70     -1.8458473e+02
75     -1.8357858e+02
80     -1.8227652e+02
85     -1.8126588e+02
90     -1.8062833e+02
95     -1.8041722e+02
100     -1.8120244e+02
105     -1.8164343e+02
110     -1.8201036e+02
115     -1.8267354e+02
120     -1.8360452e+02
125     -1.8451439e+02
130     -1.8529550e+02
135     -1.8610616e+02
140     -1.8673898e+02
145     -1.8660292e+02
150     -1.8626375e+02
155     -1.8512048e+02
160     -1.8394081e+02
165     -1.8188513e+02
170     -1.8015305e+02
175     -1.7765923e+02
180     -1.7619930e+02
