-175     -1.6378931e+02
-170     -1.6683966e+02
-165     -1.7000317e+02
-160     -1.7368791e+02
-155     -1.7711308e+02
-150     -1.8034976e+02
-145     -1.8303586e+02
-140     -1.8550671e+02
-135     -1.8733746e+02
-130     -1.8888535e+02
-125     -1.8977963e+02
-120     -1.9063383e+02
-115     -1.9107231e+02
-110     -1.9148601e+02
-105     -1.9157899e+02
-100     -1.9155455e+02
-95     -1.9128683e+02
-90     -1.9057248e+02
-85     -1.9043236e+02
-80     -1.9045663e+02
-75     -1.9043642e+02
-70     -1.9002000e+02
-60     -1.8806267e+02
-55     -1.8629272e+02
-50     -1.8382962e+02
-45     -1.8101913e+02
-40     -1.7707448e+02
-35     -1.7300755e+02
-30     -1.6835593e+02
-25     -1.6306633e+02
-20     -1.5795862e+02
-15     -1.5217766e+02
-10     -1.4634952e+02
-5     -1.4066125e+02
0     -1.3550813e+02
5     -1.4109270e+02
10     -1.4593990e+02
15     -1.5213020e+02
20     -1.5770493e+02
25     -1.6294934e+02
30     -1.6789746e+02
35     -1.7288350e+02
40     -1.7687686e+02
45     -1.8038571e+02
50     -1.8353625e+02
55     -1.8607994e+02
60     -1.8793060e+02
65     -1.8943623e+02
70     -1.9037535e+02
75     -1.9077884e+02
80     -1.9087704e+02
85     -1.9073500e+02
90     -1.9065192e+02
100     -1.9171555e+02
105     -1.9186409e+02
110     -1.9171790e+02
115     -1.9133156e+02
120     -1.9092220e+02
125     -1.9013123e+02
130     -1.8904279e+02
135     -1.8744278e+02
140     -1.8553609e+02
145     -1.8310600e+02
150     -1.8015236e+02
155     -1.7723251e+02
160     -1.7363031e+02
170     -1.6657834e+02
175     -1.6370180e+02
180     -1.6160918e+02
