-175     -3.4366150e+01
-170     -3.4895370e+01
-165     -3.5396763e+01
-160     -3.6001179e+01
-155     -3.6412411e+01
-150     -3.6388260e+01
-145     -3.6258232e+01
-140     -3.6120007e+01
-135     -3.5450405e+01
-130     -3.4583195e+01
-125     -3.3817745e+01
-120     -3.2710968e+01
-115     -3.1447474e+01
-110     -3.0176142e+01
-105     -2.9327051e+01
-100     -2.8521906e+01
-95     -2.7677464e+01
-90     -2.7457153e+01
-85     -2.7679098e+01
-80     -2.8536240e+01
-75     -2.9981226e+01
-70     -3.1119085e+01
-65     -3.2776028e+01
-60     -3.4311199e+01
-55     -3.5780834e+01
-50     -3.7019707e+01
-45     -3.8190556e+01
-40     -3.8975731e+01
-35     -3.9499729e+01
-30     -3.9770729e+01
-25     -3.9985161e+01
-20     -3.9824806e+01
-15     -3.9637863e+01
-10     -3.9389458e+01
-5     -3.9181667e+01
0     -3.9145004e+01
5     -3.9141411e+01
10     -3.9370251e+01
15     -3.9612774e+01
20     -3.9850033e+01
25     -3.9881599e+01
30     -3.9809654e+01
35     -3.9574482e+01
40     -3.9056976e+01
45     -3.8269104e+01
50     -3.7189831e+01
55     -3.5940357e+01
60     -3.4509617e+01
65     -3.2957710e+01
70     -3.1443066e+01
75     -2.9999310e+01
80     -2.8797157e+01
85     -2.7883595e+01
90     -2.7757206e+01
95     -2.7685480e+01
100     -2.8520144e+01
105     -2.9265835e+01
110     -3.0035042e+01
115     -3.1559259e+01
120     -3.2595764e+01
125     -3.3549946e+01
130     -3.4616879e+01
135     -3.5590805e+01
140     -3.6179802e+01
145     -3.6402401e+01
150     -3.6504959e+01
155     -3.6403240e+01
160     -3.5835102e+01
165     -3.5489628e+01
170     -3.4917423e+01
175     -3.4186932e+01
180     -3.4058651e+01
