-170     -3.5208206e+01
-160     -3.7353371e+01
-150     -3.9415268e+01
-140     -4.1296902e+01
-130     -4.2708324e+01
-120     -4.4181427e+01
-110     -4.5118496e+01
-100     -4.5586380e+01
-90     -4.5992218e+01
-80     -4.6619705e+01
-70     -4.7374355e+01
-60     -4.7892746e+01
-50     -4.8124096e+01
-40     -4.8168495e+01
-30     -4.8000565e+01
-20     -4.7601776e+01
-10     -4.7263775e+01
0     -4.7013226e+01
10     -4.7271305e+01
20     -4.7635571e+01
30     -4.7963032e+01
40     -4.8249130e+01
50     -4.8336895e+01
60     -4.8113304e+01
70     -4.7544743e+01
80     -4.6904320e+01
90     -4.6122227e+01
100     -4.5910172e+01
110     -4.4819054e+01
120     -4.3992554e+01
130     -4.2799625e+01
140     -4.1193977e+01
150     -3.9332527e+01
160     -3.7209892e+01
170     -3.4901894e+01
180     -3.4107498e+01
