-175 -1649.64230928
-170 -1649.64237064
-165 -1649.64245364
-160 -1649.64253985
-155 -1649.64260692
-150 -1649.64263950
-145 -1649.64262699
-140 -1649.64256782
-135 -1649.64246587
-130 -1649.64233089
-125 -1649.64217541
-120 -1649.64200942
-115 -1649.64184497
-110 -1649.64169644
-105 -1649.64157524
-100 -1649.64149177
-95 -1649.64144809
-90 -1649.64144075
-85 -1649.64146318
-80 -1649.64151251
-75 -1649.64158673
-70 -1649.64167850
-65 -1649.64177962
-60 -1649.64188126
-55 -1649.64197722
-50 -1649.64206906
-45 -1649.64215605
-40 -1649.64223872
-35 -1649.64231813
-30 -1649.64239317
-25 -1649.64246336
-20 -1649.64252523
-15 -1649.64257728
-10 -1649.64261679
-5 -1649.64264170
0 -1649.64265018
5 -1649.64264165
10 -1649.64261686
15 -1649.64257750
20 -1649.64252551
25 -1649.64246317
30 -1649.64239356
35 -1649.64231845
40 -1649.64223907
45 -1649.64215586
50 -1649.64206920
55 -1649.64197768
60 -1649.64188043
65 -1649.64177935
70 -1649.64167842
75 -1649.64158656
80 -1649.64151289
85 -1649.64146332
90 -1649.64144074
95 -1649.64144815
100 -1649.64149182
105 -1649.64157564
110 -1649.64169629
115 -1649.64184510
120 -1649.64200962
125 -1649.64217526
130 -1649.64233105
135 -1649.64246607
140 -1649.64256785
145 -1649.64262702
150 -1649.64263947
155 -1649.64260697
160 -1649.64253951
165 -1649.64245381
170 -1649.64237033
175 -1649.64230937
180 -1649.64228615
