-175 -2359.39706544
-170 -2359.39770941
-165 -2359.39825992
-160 -2359.39858738
-155 -2359.39895175
-150 -2359.39913120
-145 -2359.39909900
-140 -2359.39891553
-135 -2359.39858870
-130 -2359.39813736
-125 -2359.39759588
-120 -2359.39697369
-115 -2359.39631924
-110 -2359.39564746
-105 -2359.39600143
-100 -2359.39565670
-95 -2359.39538979
-90 -2359.39367188
-85 -2359.39386275
-80 -2359.39460037
-75 -2359.39561300
-70 -2359.39667083
-65 -2359.39772298
-60 -2359.39869666
-55 -2359.39954711
-50 -2359.40026752
-45 -2359.40083448
-40 -2359.40123225
-35 -2359.40138712
-30 -2359.40144600
-25 -2359.40133226
-20 -2359.40105339
-15 -2359.40063323
-10 -2359.40010819
-5 -2359.39952963
0 -2359.39869308
5 -2359.39845954
10 -2359.39805030
15 -2359.39814824
20 -2359.40105310
25 -2359.40133267
30 -2359.40144612
35 -2359.40138819
40 -2359.40115555
45 -2359.40083167
50 -2359.40026819
55 -2359.39955149
60 -2359.39869680
65 -2359.39772102
70 -2359.39667540
75 -2359.39519837
80 -2359.39444149
85 -2359.39386487
90 -2359.39367182
95 -2359.39538911
100 -2359.39565665
105 -2359.39600177
110 -2359.39564579
115 -2359.39632001
120 -2359.39697989
125 -2359.39759312
130 -2359.39814066
135 -2359.39859040
140 -2359.39891369
145 -2359.39909924
150 -2359.39913136
155 -2359.39895142
160 -2359.39867771
165 -2359.39816601
170 -2359.39770585
175 -2359.39706683
180 -2359.39637033
