-170     -5.3035034e+01
-160     -5.3974373e+01
-150     -5.5067905e+01
-140     -5.5997574e+01
-130     -5.6679241e+01
-120     -5.6986729e+01
-110     -5.6990295e+01
-100     -5.6708771e+01
-90     -5.6224854e+01
-80     -5.5621716e+01
-70     -5.4903870e+01
-60     -5.4084442e+01
-50     -5.3169392e+01
-40     -5.2092873e+01
-30     -5.0936630e+01
-20     -4.9810364e+01
-10     -4.8920681e+01
0     -4.8569950e+01
10     -4.8921440e+01
20     -4.9824368e+01
30     -5.0964886e+01
40     -5.2099239e+01
50     -5.3178986e+01
60     -5.4102016e+01
70     -5.4906116e+01
80     -5.5617924e+01
90     -5.6214069e+01
100     -5.6696499e+01
110     -5.6972961e+01
120     -5.6951321e+01
130     -5.6651123e+01
140     -5.5973293e+01
150     -5.5036942e+01
160     -5.3953922e+01
170     -5.3011452e+01
180     -5.2640305e+01
