-170     -4.5059502e+01
-160     -4.5730595e+01
-150     -4.6108631e+01
-140     -4.5773621e+01
-130     -4.4474297e+01
-120     -4.2418560e+01
-110     -4.0155830e+01
-100     -3.8379272e+01
-90     -3.7801212e+01
-80     -3.8690353e+01
-70     -4.0894760e+01
-60     -4.3790051e+01
-50     -4.6525162e+01
-40     -4.8417057e+01
-30     -4.9331215e+01
-20     -4.9206863e+01
-10     -4.8681137e+01
0     -4.8500145e+01
10     -4.8725346e+01
20     -4.9259811e+01
30     -4.9342434e+01
40     -4.8480232e+01
50     -4.6558872e+01
60     -4.3798569e+01
70     -4.0898197e+01
80     -3.8689480e+01
90     -3.7780205e+01
100     -3.8359974e+01
110     -4.0141376e+01
120     -4.2404266e+01
130     -4.4440952e+01
140     -4.5750542e+01
150     -4.6080303e+01
160     -4.5714966e+01
170     -4.5048786e+01
180     -4.4733559e+01
