-175 -1618.71538874
-170 -1618.71567076
-165 -1618.71604149
-160 -1618.71643067
-155 -1618.71677835
-150 -1618.71705796
-145 -1618.71729403
-140 -1618.71739120
-135 -1618.71739882
-130 -1618.71732704
-125 -1618.71719345
-120 -1618.71707457
-115 -1618.71687972
-110 -1618.71531493
-105 -1618.71651139
-100 -1618.71505101
-95 -1618.71534685
-90 -1618.71625540
-85 -1618.71630130
-80 -1618.71641290
-75 -1618.71652818
-70 -1618.71671645
-65 -1618.71690464
-60 -1618.71706999
-55 -1618.71719210
-50 -1618.71726150
-45 -1618.71727006
-40 -1618.71721908
-35 -1618.71706685
-30 -1618.71692294
-25 -1618.71675114
-20 -1618.71656971
-15 -1618.71639540
-10 -1618.71624846
-5 -1618.71614763
0 -1618.71611184
5 -1618.71614775
10 -1618.71624818
15 -1618.71639467
20 -1618.71656891
25 -1618.71675140
30 -1618.71692250
35 -1618.71710433
40 -1618.71721898
45 -1618.71727014
50 -1618.71726146
55 -1618.71719246
60 -1618.71706886
65 -1618.71590776
70 -1618.71671634
75 -1618.71652783
80 -1618.71641381
85 -1618.71630163
90 -1618.71625529
95 -1618.71627897
100 -1618.71637275
105 -1618.71651204
110 -1618.71668594
115 -1618.71687981
120 -1618.71707474
125 -1618.71719328
130 -1618.71732722
135 -1618.71739892
140 -1618.71739120
145 -1618.71729401
150 -1618.71705697
155 -1618.71677872
160 -1618.71642912
165 -1618.71604226
170 -1618.71566934
175 -1618.71538915
180 -1618.71527984
