-170 -2202.08000997
-160 -2202.08067653
-150 -2202.08092560
-140 -2202.08198139
-130 -2202.08180882
-120 -2202.08130525
-110 -2202.08064815
-100 -2202.08007562
-90 -2202.08000849
-80 -2202.08059171
-70 -2202.08163966
-60 -2202.08287874
-50 -2202.08375789
-40 -2202.08409014
-30 -2202.08385186
-20 -2202.08310113
-10 -2202.08203824
0 -2202.08117391
10 -2202.08203791
20 -2202.08310336
30 -2202.08384964
40 -2202.08409004
50 -2202.08375868
60 -2202.08288362
70 -2202.08164230
80 -2202.08058774
90 -2202.08000647
100 -2202.08009324
110 -2202.08063435
120 -2202.08130291
130 -2202.08180752
140 -2202.08198133
150 -2202.08171935
160 -2202.08100154
170 -2202.08000986
180 -2202.07907133
