-175 -1654.41212651
-170 -1654.41217157
-165 -1654.41222329
-160 -1654.41225719
-155 -1654.41225301
-150 -1654.41220149
-145 -1654.41209552
-140 -1654.41193386
-135 -1654.41171932
-130 -1654.41147307
-125 -1654.41125680
-120 -1654.41098423
-115 -1654.41073426
-110 -1654.41052729
-105 -1654.41035922
-100 -1654.41023576
-95 -1654.41016170
-90 -1654.41013157
-85 -1654.41015871
-80 -1654.41024611
-75 -1654.41038693
-70 -1654.41057100
-65 -1654.41077738
-60 -1654.41098940
-55 -1654.41113765
-50 -1654.41132213
-45 -1654.41148422
-40 -1654.41161483
-35 -1654.41171565
-30 -1654.41177864
-25 -1654.41182190
-20 -1654.41185016
-15 -1654.41186450
-10 -1654.41186368
-5 -1654.41185396
0 -1654.41184409
5 -1654.41185397
10 -1654.41186368
15 -1654.41186449
20 -1654.41185025
25 -1654.41182192
30 -1654.41177886
35 -1654.41171590
40 -1654.41161530
45 -1654.41148396
50 -1654.41132253
55 -1654.41113875
60 -1654.41098775
65 -1654.41077680
70 -1654.41057088
75 -1654.41038660
80 -1654.41024689
85 -1654.41015907
90 -1654.41013150
95 -1654.41016187
100 -1654.41023588
105 -1654.41035981
110 -1654.41052711
115 -1654.41073444
120 -1654.41098455
125 -1654.41125653
130 -1654.41147332
135 -1654.41171959
140 -1654.41193387
145 -1654.41209557
150 -1654.41220182
155 -1654.41225297
160 -1654.41225713
165 -1654.41222341
170 -1654.41217138
175 -1654.41212657
180 -1654.41210944
