-175 -2359.42318776
-170 -2359.42399965
-165 -2359.42480320
-160 -2359.42553979
-155 -2359.42619639
-150 -2359.42673515
-145 -2359.42716285
-140 -2359.42748253
-135 -2359.42770019
-130 -2359.42782957
-125 -2359.42794028
-120 -2359.42794883
-115 -2359.42792214
-110 -2359.42787936
-105 -2359.42783068
-100 -2359.42777803
-95 -2359.42774773
-90 -2359.42776249
-85 -2359.42775058
-80 -2359.42791363
-75 -2359.42806480
-70 -2359.42824989
-65 -2359.42846882
-60 -2359.42870193
-55 -2359.42890317
-50 -2359.42896712
-45 -2359.42900182
-40 -2359.42891842
-35 -2359.42870554
-30 -2359.42835949
-25 -2359.42788662
-20 -2359.42729975
-15 -2359.42663316
-10 -2359.42593068
-5 -2359.42525613
0 -2359.42471654
5 -2359.42443575
10 -2359.42442875
15 -2359.42663620
20 -2359.42729908
25 -2359.42788784
30 -2359.42835880
35 -2359.42870353
40 -2359.42891799
45 -2359.42900198
50 -2359.42896724
55 -2359.42890415
60 -2359.42870199
65 -2359.42846905
70 -2359.42825096
75 -2359.42806497
80 -2359.42791365
85 -2359.42774854
90 -2359.42776234
95 -2359.42774778
100 -2359.42777804
105 -2359.42783072
110 -2359.42787920
115 -2359.42792211
120 -2359.42794902
125 -2359.42794059
130 -2359.42782897
135 -2359.42769961
140 -2359.42748443
145 -2359.42716199
150 -2359.42673689
155 -2359.42619534
160 -2359.42554192
165 -2359.42480103
170 -2359.42399471
175 -2359.42318938
180 -2359.42243068
