-0.123
 0.393
-0.291
-0.108
 0.051
-0.378
 0.170
-0.123
 0.393
-0.291
-0.108
 0.051
-0.378
 0.170
 0.271
 0.014
 0.014
-0.099
 0.033
 0.033
-0.112
 0.049
 0.049
-0.034
 0.018
 0.018
 0.037
 0.013
 0.013
-0.149
 0.047
 0.047
-0.063
 0.017
 0.017
 0.201
-0.035
-0.035
-0.117
 0.017
 0.017
-0.061
 0.006
 0.006
 0.184
-0.030
-0.030
-0.131
 0.020
 0.020
 0.199
-0.036
-0.036
-0.285
 0.062
 0.062
 0.062
 0.271
 0.014
 0.014
-0.099
 0.033
 0.033
-0.112
 0.049
 0.049
-0.034
 0.018
 0.018
 0.037
 0.013
 0.013
-0.149
 0.047
 0.047
-0.063
 0.017
 0.017
 0.201
-0.035
-0.035
-0.117
 0.017
 0.017
-0.061
 0.006
 0.006
 0.184
-0.030
-0.030
-0.131
 0.020
 0.020
 0.199
-0.036
-0.036
-0.285
 0.062
 0.062
 0.062
-0.007
-0.007


