-0.099
+0.305
-0.271
-0.149
-0.051
-0.233
+0.136
+0.014
+0.262
-0.325
+0.094
-0.203
-0.284
+0.222
+0.038
+0.039
+0.039
+0.115
-0.006
-0.006
-0.010
-0.009
-0.009
+0.041
-0.020
-0.020
+0.079
-0.029
-0.029
+0.048
-0.025
-0.025
+0.060
-0.030
-0.030
+0.053
-0.028
-0.028
+0.058
-0.026
-0.026
+0.090
-0.034
-0.034
+0.000
-0.019
-0.019
+0.041
-0.022
-0.022
+0.245
-0.065
-0.065
-0.157
+0.020
+0.020
+0.020
+0.220
-0.033
-0.033
+0.083
-0.014
-0.014
+0.000
-0.017
-0.017
+0.089
-0.032
-0.032
+0.049
-0.025
-0.025
+0.045
-0.026
-0.026
+0.083
-0.036
-0.036
+0.054
-0.031
-0.031
+0.051
-0.028
-0.028
+0.125
-0.044
-0.044
-0.024
-0.014
-0.014
+0.039
-0.020
-0.020
+0.249
-0.065
-0.065
-0.161
+0.020
+0.020
+0.020
+0.177
-0.004
+0.233
-0.347
+0.119
-0.198
-0.208
+0.221
-0.004
+0.233
-0.347
+0.119
-0.198
-0.208
+0.221
+0.070
+0.014
+0.014
+0.122
-0.008
-0.008
-0.039
+0.004
+0.004
+0.026
-0.015
-0.015
+0.067
-0.024
-0.024
+0.024
-0.017
-0.017
+0.075
-0.031
-0.031
+0.037
-0.027
-0.027
+0.04 
-0.021
-0.021
+0.1  
-0.035
-0.035
-0.025
-0.011
-0.011
+0.04 
-0.014
-0.014
+0.227
-0.058
-0.058
-0.157
+0.021
+0.021
+0.021
+0.070
+0.014
+0.014
+0.122
-0.008
-0.008
-0.039
+0.004
+0.004
+0.026
-0.015
-0.015
+0.067
-0.024
-0.024
+0.024
-0.017
-0.017
+0.075
-0.031
-0.031
+0.037
-0.027
-0.027
+0.04 
-0.021
-0.021
+0.1  
-0.035
-0.035
-0.025
-0.011
-0.011
+0.04 
-0.014
-0.014
+0.227
-0.058
-0.058
-0.157
+0.021
+0.021
+0.021
+0.014
+0.262
-0.325
+0.094
-0.203
-0.284
+0.222
-0.099
+0.305
-0.271
-0.149
-0.051
-0.233
+0.136
+0.220
-0.033
-0.033
+0.083
-0.014
-0.014
+0.000
-0.017
-0.017
+0.089
-0.032
-0.032
+0.049
-0.025
-0.025
+0.045
-0.026
-0.026
+0.083
-0.036
-0.036
+0.054
-0.031
-0.031
+0.051
-0.028
-0.028
+0.125
-0.044
-0.044
-0.024
-0.014
-0.014
+0.039
-0.020
-0.020
+0.249
-0.065
-0.065
-0.161
+0.020
+0.020
+0.020
+0.220
-0.033
-0.033
+0.083
-0.014
-0.014
+0.000
-0.017
-0.017
+0.089
-0.032
-0.032
+0.049
-0.025
-0.025
+0.045
-0.026
-0.026
+0.083
-0.036
-0.036
+0.054
-0.031
-0.031
+0.051
-0.028
-0.028
+0.125
-0.044
-0.044
-0.024
-0.014
-0.014
+0.039
-0.020
-0.020
+0.249
-0.065
-0.065
-0.161
+0.020
+0.020
+0.020
+0.177





































