-0.099	
+0.305	
-0.271	
-0.149	
-0.051	
-0.233	
+0.136	
+0.014	
+0.262	
-0.325	
+0.094	
-0.203	
-0.284 	
+0.222	
+0.0315	
+0.0325	
+0.0325	
+0.1085	
-0.0125	
-0.0125	
-0.0165	
-0.0155	
-0.0155	
+0.0345	
-0.0265	
-0.0265	
+0.0725	
-0.0355	
-0.0355	
+0.0165	
+0.0935	
+0.0935	
-0.3795	
+0.0085	
+0.0935	
+0.0935	
+0.0125	
+0.0935	
+0.0935	
-0.3795	
+0.0125	
+0.0935	
+0.0935	
+0.0055	
+0.0935	
+0.0935	
-0.3795	
-0.0455	
+0.0935	
+0.0935	
+0.0935	
+0.2135	
-0.0395	
-0.0395	
+0.0765	
-0.0205	
-0.0205	
-0.0065	
-0.0236	
-0.0236	
+0.0824	
-0.0386	
-0.0386	
+0.0424	
-0.0316	
-0.0316	
+0.0164	
+0.0934	
+0.0934	
-0.3796	
+0.0084	
+0.0934	
+0.0934	
+0.0124	
+0.0934	
+0.0934	
-0.3796	
+0.0124	
+0.0934	
+0.0934	
+0.0054	
+0.0934	
+0.0934	
-0.3796	
-0.0456	
+0.0934	
+0.0934	
+0.0934	
+0.194	
-0.004	
+0.233	
-0.347	
+0.119	
-0.198	
-0.208	
+0.211	
-0.004	
+0.233	
-0.347	
+0.119	
-0.198	
-0.208 	
+0.211	
+0.0639	
+0.0079	
+0.0079	
+0.1159	
-0.0141	
-0.0141	
-0.0451	
-0.0021	
-0.0021	
+0.0199	
-0.0211	
-0.0211	
+0.0609	
-0.0301	
-0.0301	
+0.0169	
+0.0939	
+0.0939	
-0.3791	
+0.0089	
+0.0940	
+0.0940	
+0.0130	
+0.0940	
+0.0940	
-0.3790	
+0.0130	
+0.0940	
+0.0940	
+0.0060	
+0.0940	
+0.0940	
-0.3790	
-0.0450	
+0.0940	
+0.0940	
+0.0940	
+0.0639	
+0.0079	
+0.0079	
+0.1159	
-0.0141	
-0.0141	
-0.0451	
-0.0021	
-0.0021	
+0.0199	
-0.0211	
-0.0211	
+0.0609	
-0.0301	
-0.0301	
+0.0169	
+0.0939	
+0.0939	
-0.3791	
+0.0089	
+0.0940	
+0.0940	
+0.0130	
+0.0940	
+0.0940	
-0.3790	
+0.0130	
+0.0940	
+0.0940	
+0.0060	
+0.0940	
+0.0940	
-0.3790	
-0.0450	
+0.0940	
+0.0940	
+0.0940	
+0.014	
+0.262	
-0.325	
+0.094	
-0.203	
-0.284	
+0.222	
-0.099 	
+0.305 	
-0.271	
-0.149	
-0.051	
-0.233 	
+0.136	
+0.2135	
-0.0395	
-0.0395	
+0.0765	
-0.0205	
-0.0205	
-0.0065	
-0.0236	
-0.0236	
+0.0824	
-0.0386	
-0.0386	
+0.0424	
-0.0316	
-0.0316	
+0.0164	
+0.0934	
+0.0934	
-0.3796	
+0.0084	
+0.0934	
+0.0934	
+0.0124	
+0.0934	
+0.0934	
-0.3796	
+0.0124	
+0.0934	
+0.0934	
+0.0054	
+0.0934	
+0.0934	
-0.3796	
-0.0456	
+0.0934	
+0.0934	
+0.0934	
+0.0315	
+0.0325	
+0.0325	
+0.1085	
-0.0125	
-0.0125	
-0.0165	
-0.0155	
-0.0155	
+0.0345	
-0.0265	
-0.0265	
+0.0725	
-0.0355	
-0.0355	
+0.0165	
+0.0935	
+0.0935	
-0.3795	
+0.0085	
+0.0935	
+0.0935	
+0.0125	
+0.0935	
+0.0935	
-0.3795	
+0.0125	
+0.0935	
+0.0935	
+0.0055	
+0.0935	
+0.0935	
-0.3795	
-0.0455	
+0.0935	
+0.0935	
+0.0935	
+0.194	
