-0.099
+0.305
-0.271
-0.149
-0.051
-0.233
+0.136
+0.014
+0.262
-0.325
+0.094
-0.203
-0.284
+0.222
+0.031
+0.032
+0.032
+0.108
-0.013
-0.013
-0.017
-0.016
-0.016
+0.016
+0.093
+0.093
-0.380
+0.008
+0.093
+0.093
+0.012
+0.093
+0.093
-0.380
+0.012
+0.093
+0.093
+0.005
+0.093
+0.093
-0.380
-0.046
+0.093
+0.093
+0.093
+0.213
-0.040
-0.040
+0.076
-0.021
-0.021
-0.007
-0.024
-0.024
+0.016
+0.093
+0.093
-0.380
+0.008
+0.093
+0.093
+0.012
+0.093
+0.093
-0.380
+0.012
+0.093
+0.093
+0.005
+0.093
+0.093
-0.380
-0.046
+0.093
+0.093
+0.093
+0.190
-0.004
+0.233
-0.347
+0.119
-0.198
-0.208
+0.211
-0.004
+0.233
-0.347
+0.119
-0.198
-0.208
+0.211
+0.063
+0.007
+0.007
+0.115
-0.014
-0.014
-0.045
-0.002
-0.002
+0.016
+0.093
+0.093
-0.379
+0.008
+0.093
+0.093
+0.012
+0.093
+0.093
-0.379
+0.012
+0.093
+0.093
+0.005
+0.093
+0.093
-0.379
-0.045
+0.093
+0.093
+0.093
+0.063
+0.007
+0.007
+0.115
-0.014
-0.014
-0.045
-0.002
-0.002
+0.016
+0.093
+0.093
-0.379
+0.008
+0.093
+0.093
+0.012
+0.093
+0.093
-0.379
+0.012
+0.093
+0.093
+0.005
+0.093
+0.093
-0.379
-0.045
+0.093
+0.093
+0.093
+0.014
+0.262
-0.325
+0.094
-0.203
-0.284
+0.222
-0.099
+0.305
-0.271
-0.149
-0.051
-0.233
+0.136
+0.213
-0.040
-0.040
+0.076
-0.021
-0.021
-0.007
-0.024
-0.024
+0.016
+0.093
+0.093
-0.380
+0.008
+0.093
+0.093
+0.012
+0.093
+0.093
-0.380
+0.012
+0.093
+0.093
+0.005
+0.093
+0.093
-0.380
-0.046
+0.093
+0.093
+0.093
+0.031
+0.032
+0.032
+0.108
-0.013
-0.013
-0.017
-0.016
-0.016
+0.016
+0.093
+0.093
-0.380
+0.008
+0.093
+0.093
+0.012
+0.093
+0.093
-0.380
+0.012
+0.093
+0.093
+0.005
+0.093
+0.093
-0.380
-0.046
+0.093
+0.093
+0.093
+0.190
