-0.099
+0.305
-0.271
-0.149
-0.051
-0.233
+0.136
+0.014
+0.262
-0.325
+0.094
-0.203
-0.284
+0.222
-0.236
+0.100
+0.100
+0.023
+0.100
+0.100
-0.373
+0.015
+0.100
+0.100
+0.019
+0.100
+0.100
-0.373
+0.019
+0.100
+0.100
+0.012
+0.100
+0.100
-0.373
-0.039
+0.100
+0.100
+0.100
-0.236
+0.100
+0.100
+0.023
+0.100
+0.100
-0.373
+0.015
+0.100
+0.100
+0.019
+0.100
+0.100
-0.373
+0.019
+0.100
+0.100
+0.012
+0.100
+0.100
-0.373
-0.039
+0.100
+0.100
+0.100
+0.194
-0.004
+0.233
-0.347
+0.119
-0.198
-0.208
+0.211
-0.004
+0.233
-0.347
+0.119
-0.198
-0.208
+0.211
-0.236
+0.100
+0.100
+0.023
+0.100
+0.100
-0.373
+0.015
+0.100
+0.100
+0.019
+0.100
+0.100
-0.373
+0.019
+0.100
+0.100
+0.012
+0.100
+0.100
-0.373
-0.039
+0.100
+0.100
+0.100
-0.236
+0.100
+0.100
+0.023
+0.100
+0.100
-0.373
+0.015
+0.100
+0.100
+0.019
+0.100
+0.100
-0.373
+0.019
+0.100
+0.100
+0.012
+0.100
+0.100
-0.373
-0.039
+0.100
+0.100
+0.100
+0.014
+0.262
-0.325
+0.094
-0.203
-0.284
+0.222
-0.099
+0.305
-0.271
-0.149
-0.051
-0.233
+0.136
-0.236
+0.100
+0.100
+0.023
+0.100
+0.100
-0.373
+0.015
+0.100
+0.100
+0.019
+0.100
+0.100
-0.373
+0.019
+0.100
+0.100
+0.012
+0.100
+0.100
-0.373
-0.039
+0.100
+0.100
+0.100
-0.236
+0.100
+0.100
+0.023
+0.100
+0.100
-0.373
+0.015
+0.100
+0.100
+0.019
+0.100
+0.100
-0.373
+0.019
+0.100
+0.100
+0.012
+0.100
+0.100
-0.373
-0.039
+0.100
+0.100
+0.100
+0.194






























































































































