-0.099	
+0.305	
-0.271	
-0.149	
-0.051	
-0.233	
+0.136	
+0.014	
+0.262	
-0.325	
+0.094	
-0.203	
-0.284 	
+0.222	
+0.030	
+0.031	
+0.031	
+0.107	
-0.015	
-0.015	
+0.014	
+0.091	
+0.091	
-0.382	
+0.006	
+0.091	
+0.091	
+0.010	
+0.091	
+0.091	
-0.382	
+0.010	
+0.091	
+0.091	
+0.003	
+0.091	
+0.091	
-0.382	
-0.048	
+0.091	
+0.091	
+0.091	
+0.211	
-0.042	
-0.042	
+0.074	
-0.023	
-0.023	
+0.014	
+0.091	
+0.091	
-0.382	
+0.006	
+0.091	
+0.091	
+0.010	
+0.091	
+0.091	
-0.382	
+0.010	
+0.091	
+0.091	
+0.003	
+0.091	
+0.091	
-0.382	
-0.048	
+0.091	
+0.091	
+0.091	
+0.194	
-0.004	
+0.233	
-0.347	
+0.119	
-0.198	
-0.208	
+0.211	
-0.004	
+0.233	
-0.347	
+0.119	
-0.198	
-0.208 	
+0.211	
+0.0615	
+0.0055	
+0.0055	
+0.1135	
-0.0165	
-0.0165	
+0.0145	
+0.0915	
+0.0914	
-0.3816	
+0.0064	
+0.0914	
+0.0914	
+0.0104	
+0.0914	
+0.0914	
-0.3816	
+0.0104	
+0.0914	
+0.0914	
+0.0034	
+0.0914	
+0.0914	
-0.3816	
-0.0476	
+0.0914	
+0.0914	
+0.0914	
+0.0615	
+0.0055	
+0.0055	
+0.1135	
-0.0165	
-0.0165	
+0.0145	
+0.0915	
+0.0914	
-0.3816	
+0.0064	
+0.0914	
+0.0914	
+0.0104	
+0.0914	
+0.0914	
-0.3816	
+0.0104	
+0.0914	
+0.0914	
+0.0034	
+0.0914	
+0.0914	
-0.3816	
-0.0476	
+0.0914	
+0.0914	
+0.0914	
+0.014	
+0.262	
-0.325	
+0.094	
-0.203	
-0.284	
+0.222	
-0.099 	
+0.305 	
-0.271	
-0.149	
-0.051	
-0.233 	
+0.136	
+0.211 	
-0.042 	
-0.042 	
+0.074 	
-0.023 	
-0.023 	
+0.014 	
+0.091 	
+0.091 	
-0.382 	
+0.006 	
+0.091 	
+0.091 	
+0.010 	
+0.091 	
+0.091 	
-0.382 	
+0.010 	
+0.091 	
+0.091 	
+0.003 	
+0.091 	
+0.091 	
-0.382 	
-0.048 	
+0.091 	
+0.091 	
+0.091 	
+0.030	
+0.031	
+0.031	
+0.107	
-0.015	
-0.015	
+0.014	
+0.091	
+0.091	
-0.382	
+0.006	
+0.091	
+0.091	
+0.010	
+0.091	
+0.091	
-0.382	
+0.010	
+0.091	
+0.091	
+0.003	
+0.091	
+0.091	
-0.382	
-0.048	
+0.091	
+0.091	
+0.091	
+0.194	
