-0.099	
+0.305	
-0.271	
-0.149	
-0.051	
-0.233	
+0.136	
+0.014	
+0.262	
-0.325	
+0.094	
-0.203	
-0.284 	
+0.222	
+0.0311	
+0.0321	
+0.0321	
+0.1081	
-0.0129	
-0.0129	
-0.0169	
-0.0159	
-0.0159	
+0.0341	
-0.0269	
-0.0269	
+0.0161	
+0.0931	
+0.0931	
-0.3799	
+0.0082	
+0.0932	
+0.0932	
+0.0122	
+0.0932	
+0.0932	
-0.3798	
+0.0122	
+0.0932	
+0.0932	
+0.0052	
+0.0932	
+0.0932	
-0.3798	
-0.0458	
+0.0932	
+0.0932	
+0.0932	
+0.2132	
-0.0398	
-0.0398	
+0.0762	
-0.0208	
-0.0208	
-0.0068	
-0.0238	
-0.0238	
+0.0822	
-0.0388	
-0.0388	
+0.0162	
+0.0932	
+0.0932	
-0.3798	
+0.0082	
+0.0932	
+0.0932	
+0.0122	
+0.0932	
+0.0932	
-0.3798	
+0.0122	
+0.0932	
+0.0932	
+0.0052	
+0.0932	
+0.0932	
-0.3798	
-0.0458	
+0.0932	
+0.0932	
+0.0932	
+0.194	
-0.004	
+0.233	
-0.347	
+0.119	
-0.198	
-0.208	
+0.211	
-0.004	
+0.233	
-0.347	
+0.119	
-0.198	
-0.208 	
+0.211	
+0.0639	
+0.0079	
+0.0079	
+0.1159	
-0.0141	
-0.0141	
-0.0451	
-0.0021	
-0.0021	
+0.0199	
-0.0210	
-0.0210	
+0.0170	
+0.0940	
+0.0940	
-0.3790	
+0.0090	
+0.0940	
+0.0940	
+0.0130	
+0.0940	
+0.0940	
-0.3790	
+0.0130	
+0.0940	
+0.0940	
+0.0060	
+0.0940	
+0.0940	
-0.3790	
-0.0450	
+0.0940	
+0.0940	
+0.0940	
+0.0639	
+0.0079	
+0.0079	
+0.1159	
-0.0141	
-0.0141	
-0.0451	
-0.0021	
-0.0021	
+0.0199	
-0.0210	
-0.0210	
+0.0170	
+0.0940	
+0.0940	
-0.3790	
+0.0090	
+0.0940	
+0.0940	
+0.0130	
+0.0940	
+0.0940	
-0.3790	
+0.0130	
+0.0940	
+0.0940	
+0.0060	
+0.0940	
+0.0940	
-0.3790	
-0.0450	
+0.0940	
+0.0940	
+0.0940	
+0.014	
+0.262	
-0.325	
+0.094	
-0.203	
-0.284	
+0.222	
-0.099 	
+0.305 	
-0.271	
-0.149	
-0.051	
-0.233 	
+0.136	
+0.2132	
-0.0398	
-0.0398	
+0.0762	
-0.0208	
-0.0208	
-0.0068	
-0.0238	
-0.0238	
+0.0822	
-0.0388	
-0.0388	
+0.0162	
+0.0932	
+0.0932	
-0.3798	
+0.0082	
+0.0932	
+0.0932	
+0.0122	
+0.0932	
+0.0932	
-0.3798	
+0.0122	
+0.0932	
+0.0932	
+0.0052	
+0.0932	
+0.0932	
-0.3798	
-0.0458	
+0.0932	
+0.0932	
+0.0932	
+0.0311	
+0.0321	
+0.0321	
+0.1081	
-0.0129	
-0.0129	
-0.0169	
-0.0159	
-0.0159	
+0.0341	
-0.0269	
-0.0269	
+0.0161	
+0.0931	
+0.0931	
-0.3799	
+0.0082	
+0.0932	
+0.0932	
+0.0122	
+0.0932	
+0.0932	
-0.3798	
+0.0122	
+0.0932	
+0.0932	
+0.0052	
+0.0932	
+0.0932	
-0.3798	
-0.0458	
+0.0932	
+0.0932	
+0.0932	
+0.194	
