-175 -2359.35637680
-170 -2359.35708961
-165 -2359.35777260
-160 -2359.35836169
-155 -2359.35884647
-150 -2359.35920239
-145 -2359.35942647
-140 -2359.35951282
-135 -2359.35948438
-130 -2359.35934736
-125 -2359.35912750
-120 -2359.35885281
-115 -2359.35854044
-110 -2359.35825958
-105 -2359.35793525
-100 -2359.35767742
-95 -2359.35752587
-90 -2359.35752009
-85 -2359.35765357
-80 -2359.35790917
-75 -2359.35819001
-70 -2359.35851584
-65 -2359.35892918
-60 -2359.35922578
-55 -2359.35955360
-50 -2359.35981077
-45 -2359.35995506
-40 -2359.35995913
-35 -2359.35984554
-30 -2359.35959610
-25 -2359.35920697
-20 -2359.35867232
-15 -2359.35802149
-10 -2359.35730282
-5 -2359.35655659
0 -2359.35583508
5 -2359.35529068
10 -2359.35498956
15 -2359.35802459
20 -2359.35867165
25 -2359.35920789
30 -2359.35959557
35 -2359.35984434
40 -2359.35995887
45 -2359.35995461
50 -2359.35981100
55 -2359.35955519
60 -2359.35922251
65 -2359.35892852
70 -2359.35851729
75 -2359.35819028
80 -2359.35790870
85 -2359.35765526
90 -2359.35751926
95 -2359.35752582
100 -2359.35767809
105 -2359.35793581
110 -2359.35827153
115 -2359.35854086
120 -2359.35885564
125 -2359.35912622
130 -2359.35934853
135 -2359.35948472
140 -2359.35951297
145 -2359.35942602
150 -2359.35920342
155 -2359.35884576
160 -2359.35836330
165 -2359.35777088
170 -2359.35708540
175 -2359.35637839
180 -2359.35570902
