-175 -1654.41012063
-170 -1654.41034157
-165 -1654.41063710
-160 -1654.41094834
-155 -1654.41122481
-150 -1654.41144135
-145 -1654.41157750
-140 -1654.41162114
-135 -1654.41161341
-130 -1654.41147443
-125 -1654.41126932
-120 -1654.41101695
-115 -1654.41073350
-110 -1654.41044530
-105 -1654.41018576
-100 -1654.40998727
-95 -1654.40986067
-90 -1654.40983494
-85 -1654.40993739
-80 -1654.41014092
-75 -1654.41044012
-70 -1654.41079325
-65 -1654.41117510
-60 -1654.41155910
-55 -1654.41191312
-50 -1654.41221599
-45 -1654.41238845
-40 -1654.41252942
-35 -1654.41258291
-30 -1654.41255164
-25 -1654.41244355
-20 -1654.41228168
-15 -1654.41209413
-10 -1654.41191361
-5 -1654.41177665
0 -1654.41172727
5 -1654.41177690
10 -1654.41191329
15 -1654.41209324
20 -1654.41228083
25 -1654.41244369
30 -1654.41255142
35 -1654.41258293
40 -1654.41252979
45 -1654.41238810
50 -1654.41221660
55 -1654.41191503
60 -1654.41155624
65 -1654.41117427
70 -1654.41079296
75 -1654.41043958
80 -1654.41014239
85 -1654.40993813
90 -1654.40983527
95 -1654.40986088
100 -1654.40998750
105 -1654.41018671
110 -1654.41044500
115 -1654.41073359
120 -1654.41101713
125 -1654.41126905
130 -1654.41147458
135 -1654.41161357
140 -1654.41162117
145 -1654.41157748
150 -1654.41144066
155 -1654.41122516
160 -1654.41094717
165 -1654.41063779
170 -1654.41034048
175 -1654.41012095
180 -1654.41003719
