-170 -2201.56439113
-160 -2201.56617066
-150 -2201.56755040
-140 -2201.56845746
-130 -2201.56892775
-120 -2201.56910268
-110 -2201.56908233
-100 -2201.56898058
-90 -2201.56893972
-80 -2201.56906467
-70 -2201.56931288
-60 -2201.56960362
-50 -2201.56979665
-40 -2201.56954826
-30 -2201.56875059
-20 -2201.56744364
-10 -2201.56584033
0 -2201.56454477
10 -2201.56583980
20 -2201.56744716
30 -2201.56874586
40 -2201.56954910
50 -2201.56979672
60 -2201.56960505
70 -2201.56931323
80 -2201.56907458
90 -2201.56895429
100 -2201.56898038
120 -2201.56910296
130 -2201.56892880
140 -2201.56844699
150 -2201.56755510
160 -2201.56616982
170 -2201.56439094
180 -2201.56261984
