-170 -1885.91922719
-160 -1885.92172010
-150 -1885.92360258
-140 -1885.92449491
-130 -1885.92524307
-120 -1885.92528536
-110 -1885.92507027
-100 -1885.92488453
-90 -1885.92482806
-80 -1885.92493289
-70 -1885.92523611
-60 -1885.92568590
-50 -1885.92627011
-40 -1885.92698239
-30 -1885.92799167
-20 -1885.92865422
-10 -1885.92970806
0 -1885.92997483
10 -1885.92949403
20 -1885.92907234
30 -1885.92806196
40 -1885.92700916
50 -1885.92616901
60 -1885.92562814
70 -1885.92518339
80 -1885.92490531
90 -1885.92483217
100 -1885.92491809
110 -1885.92514359
120 -1885.92537732
130 -1885.92529127
140 -1885.92477683
150 -1885.92360848
160 -1885.92172811
170 -1885.91924621
180 -1885.91487076
