-175     -1.8150999e+02
-170     -1.8273706e+02
-165     -1.8455574e+02
-155     -1.8726997e+02
-150     -1.8814052e+02
-145     -1.8885318e+02
-140     -1.8888268e+02
-130     -1.8806877e+02
-125     -1.8723987e+02
-120     -1.8599785e+02
-115     -1.8504350e+02
-110     -1.8409082e+02
-105     -1.8327321e+02
-100     -1.8289081e+02
-95     -1.8269337e+02
-90     -1.8307098e+02
-85     -1.8329630e+02
-80     -1.8383630e+02
-75     -1.8530966e+02
-70     -1.8671066e+02
-65     -1.8786382e+02
-60     -1.8899796e+02
-55     -1.9014034e+02
-50     -1.9128197e+02
-45     -1.9199777e+02
-40     -1.9249460e+02
-30     -1.9277025e+02
-25     -1.9216670e+02
-20     -1.9062573e+02
-15     -1.8911954e+02
-10     -1.8668419e+02
-5     -1.8345326e+02
0     -1.7966766e+02
5     -1.8355208e+02
10     -1.8677060e+02
20     -1.9091025e+02
25     -1.9137029e+02
30     -1.9278151e+02
35     -1.9287825e+02
40     -1.9222462e+02
45     -1.9164005e+02
50     -1.9117728e+02
55     -1.9013054e+02
65     -1.8791612e+02
70     -1.8672563e+02
75     -1.8529703e+02
80     -1.8417137e+02
85     -1.8346890e+02
90     -1.8231212e+02
95     -1.8312444e+02
100     -1.8300424e+02
105     -1.8313795e+02
110     -1.8422710e+02
115     -1.8504593e+02
120     -1.8601874e+02
125     -1.8698015e+02
130     -1.8813873e+02
135     -1.8860002e+02
140     -1.8883260e+02
145     -1.8865472e+02
150     -1.8818178e+02
155     -1.8726254e+02
160     -1.8611407e+02
165     -1.8417140e+02
170     -1.8232005e+02
175     -1.8142262e+02
180     -1.8091811e+02
