-175     -1.7679352e+02
-170     -1.7837935e+02
-165     -1.8039397e+02
-160     -1.8263791e+02
-155     -1.8486853e+02
-150     -1.8683672e+02
-145     -1.8863403e+02
-140     -1.9001120e+02
-135     -1.9109531e+02
-130     -1.9195401e+02
-125     -1.9252281e+02
-120     -1.9259969e+02
-115     -1.9288739e+02
-110     -1.9251688e+02
-105     -1.9230569e+02
-100     -1.9225143e+02
-95     -1.9237663e+02
-90     -1.9208429e+02
-85     -1.9239420e+02
-80     -1.9191296e+02
-75     -1.9166533e+02
-70     -1.9172479e+02
-65     -1.9118282e+02
-60     -1.9022913e+02
-55     -1.8882846e+02
-50     -1.8712880e+02
-45     -1.8450323e+02
-40     -1.8185205e+02
-35     -1.7854062e+02
-30     -1.7457666e+02
-25     -1.7043336e+02
-20     -1.6566930e+02
-15     -1.6115762e+02
-10     -1.5603828e+02
-5     -1.5136632e+02
0     -1.4684033e+02
5     -1.5150269e+02
15     -1.6083542e+02
20     -1.6573349e+02
25     -1.7008978e+02
30     -1.7447633e+02
35     -1.7843942e+02
40     -1.8142624e+02
45     -1.8458478e+02
50     -1.8696881e+02
55     -1.8874408e+02
60     -1.9008035e+02
65     -1.9112772e+02
70     -1.9158778e+02
75     -1.9164168e+02
80     -1.9183304e+02
85     -1.9181493e+02
90     -1.9241212e+02
95     -1.9255663e+02
100     -1.9228743e+02
105     -1.9226031e+02
110     -1.9281682e+02
115     -1.9251428e+02
120     -1.9276485e+02
125     -1.9253903e+02
130     -1.9204195e+02
140     -1.9004904e+02
145     -1.8857544e+02
150     -1.8704898e+02
155     -1.8520016e+02
160     -1.8282057e+02
170     -1.7801862e+02
175     -1.7603813e+02
180     -1.7610974e+02
