-175 -1618.50670065
-170 -1618.50706227
-165 -1618.50752882
-160 -1618.50802785
-155 -1618.50848203
-150 -1618.50886486
-145 -1618.50914376
-140 -1618.50936776
-135 -1618.50945559
-130 -1618.50945735
-125 -1618.50939519
-120 -1618.50935110
-115 -1618.50923021
-110 -1618.50910395
-105 -1618.50899546
-100 -1618.50890230
-95 -1618.50795692
-90 -1618.50880393
-85 -1618.50882115
-80 -1618.50888307
-75 -1618.50892786
-70 -1618.50902626
-65 -1618.50911527
-60 -1618.50916559
-55 -1618.50916729
-50 -1618.50910897
-45 -1618.50898585
-40 -1618.50879937
-35 -1618.50850656
-30 -1618.50822889
-25 -1618.50792615
-20 -1618.50763492
-15 -1618.50736201
-10 -1618.50714097
-5 -1618.50699096
0 -1618.50694283
5 -1618.50699120
10 -1618.50714069
15 -1618.50736075
20 -1618.50763346
25 -1618.50750402
30 -1618.50822799
35 -1618.50850583
40 -1618.50879852
45 -1618.50898617
50 -1618.50910877
55 -1618.50916715
60 -1618.50916532
65 -1618.50911510
70 -1618.50902620
75 -1618.50892812
80 -1618.50888367
85 -1618.50882123
90 -1618.50789123
95 -1618.50882905
100 -1618.50890239
105 -1618.50899584
110 -1618.50910382
115 -1618.50923028
120 -1618.50935122
125 -1618.50939507
130 -1618.50945739
135 -1618.50945558
140 -1618.50936777
145 -1618.50914362
150 -1618.50886344
155 -1618.50848252
160 -1618.50802582
165 -1618.50752975
170 -1618.50706054
175 -1618.50670114
180 -1618.50656610
