-175     3.6025463e+01
-170     3.5456264e+01
-165     3.4784122e+01
-160     3.4156422e+01
-155     3.3642670e+01
-150     3.3299435e+01
-145     3.3168804e+01
-140     3.3261776e+01
-135     3.3589096e+01
-130     3.4134220e+01
-125     3.4886360e+01
-120     3.5785362e+01
-115     3.6795639e+01
-110     3.7836685e+01
-105     3.8812222e+01
-100     3.9594810e+01
-95     4.0079750e+01
-90     4.0166035e+01
-85     3.9815105e+01
-80     3.9070354e+01
-75     3.8057343e+01
-70     3.6803776e+01
-65     3.5511238e+01
-60     3.4251877e+01
-55     3.3091778e+01
-50     3.2093266e+01
-45     3.1290335e+01
-40     3.0702616e+01
-35     3.0335745e+01
-30     3.0181396e+01
-25     3.0217363e+01
-20     3.0400068e+01
-15     3.0685158e+01
-10     3.0988092e+01
-5     3.1236355e+01
0     3.1327873e+01
5     3.1235634e+01
10     3.0990231e+01
15     3.0681885e+01
20     3.0399853e+01
25     3.0218067e+01
30     3.0180456e+01
35     3.0334890e+01
40     3.0705696e+01
45     3.1290184e+01
50     3.2094933e+01
55     3.3092999e+01
60     3.4253796e+01
65     3.5517578e+01
70     3.6812584e+01
75     3.8030857e+01
80     3.9074986e+01
85     3.9840412e+01
90     4.0168152e+01
95     4.0078640e+01
100     3.9594479e+01
105     3.8811008e+01
110     3.7836708e+01
115     3.6797310e+01
120     3.5786541e+01
125     3.4875042e+01
130     3.4131813e+01
135     3.3585690e+01
140     3.3261894e+01
145     3.3166561e+01
150     3.3301952e+01
155     3.3642117e+01
160     3.4150642e+01
165     3.4785103e+01
170     3.5450802e+01
175     3.6031265e+01
180     3.6286636e+01
