-175     3.4074596e+01
-170     3.3571972e+01
-165     3.2939579e+01
-160     3.2317795e+01
-155     3.1745090e+01
-150     3.1248842e+01
-145     3.0864305e+01
-140     3.0525883e+01
-135     3.0296581e+01
-130     3.0171484e+01
-125     3.0139261e+01
-120     3.0183617e+01
-115     3.0304218e+01
-110     3.0492369e+01
-105     3.0740681e+01
-100     3.1029783e+01
-95     3.1360031e+01
-90     3.1723557e+01
-85     3.2116123e+01
-80     3.2517532e+01
-75     3.2946617e+01
-70     3.3383598e+01
-65     3.3842674e+01
-60     3.4309311e+01
-55     3.4800663e+01
-50     3.5301727e+01
-45     3.5826199e+01
-40     3.6358814e+01
-35     3.6919361e+01
-30     3.7498234e+01
-25     3.8049564e+01
-20     3.8602760e+01
-15     3.9119373e+01
-10     3.9554993e+01
-5     3.9861252e+01
0     3.9988907e+01
5     3.9854507e+01
10     3.9564499e+01
15     3.9115353e+01
20     3.8604233e+01
25     3.8046848e+01
30     3.7479557e+01
35     3.6912777e+01
40     3.6359829e+01
45     3.5819866e+01
50     3.5297970e+01
55     3.4795288e+01
60     3.4308891e+01
65     3.3841976e+01
70     3.3384174e+01
75     3.2945358e+01
80     3.2518181e+01
85     3.2109287e+01
90     3.1722748e+01
95     3.1366905e+01
100     3.1030468e+01
105     3.0735489e+01
110     3.0492203e+01
115     3.0302603e+01
120     3.0183889e+01
125     3.0132963e+01
130     3.0171867e+01
135     3.0297203e+01
140     3.0517160e+01
145     3.0833273e+01
150     3.1248465e+01
155     3.1743326e+01
160     3.2316875e+01
165     3.2932320e+01
170     3.3552631e+01
175     3.4055882e+01
180     3.4274025e+01
