-175 -1649.63062151
-170 -1649.63064990
-165 -1649.63071386
-160 -1649.63077520
-155 -1649.63081170
-150 -1649.63080944
-145 -1649.63076108
-140 -1649.63066551
-135 -1649.63053270
-130 -1649.63036789
-125 -1649.63019679
-120 -1649.63002695
-115 -1649.62986351
-110 -1649.62971394
-80 -1649.62966741
-75 -1649.62971810
-70 -1649.62979844
-65 -1649.62988313
-60 -1649.62996491
-55 -1649.63004318
-50 -1649.63012141
-45 -1649.63019605
-40 -1649.63025917
-35 -1649.63034965
-30 -1649.63042368
-25 -1649.63049730
-20 -1649.63055211
-15 -1649.63061393
-10 -1649.63068278
-5 -1649.63070465
0 -1649.63067209
5 -1649.63070470
10 -1649.63068157
15 -1649.63061392
20 -1649.63055253
25 -1649.63049550
30 -1649.63042432
35 -1649.63034722
40 -1649.63026343
45 -1649.63019444
50 -1649.63011963
55 -1649.63004294
60 -1649.62996282
70 -1649.62979838
75 -1649.62971793
80 -1649.62966711
85 -1649.62961469
90 -1649.62954638
95 -1649.62953175
100 -1649.62954968
105 -1649.62961006
110 -1649.62971455
115 -1649.62986253
120 -1649.63002060
125 -1649.63019686
130 -1649.63036873
135 -1649.63052957
140 -1649.63066569
145 -1649.63076217
150 -1649.63080989
155 -1649.63081176
170 -1649.63064996
175 -1649.63062171
