-175 -1649.64097695
-170 -1649.64120573
-165 -1649.64153412
-160 -1649.64190833
-155 -1649.64226408
-150 -1649.64256680
-145 -1649.64278603
-140 -1649.64291001
-135 -1649.64293803
-130 -1649.64287444
-125 -1649.64273120
-120 -1649.64252274
-115 -1649.64227101
-110 -1649.64200761
-105 -1649.64176382
-100 -1649.64157295
-95 -1649.64145792
-90 -1649.64143565
-85 -1649.64151084
-80 -1649.64168292
-75 -1649.64194216
-70 -1649.64226241
-65 -1649.64261948
-60 -1649.64298325
-55 -1649.64332158
-50 -1649.64362101
-45 -1649.64386040
-40 -1649.64402948
-35 -1649.64412468
-30 -1649.64414646
-25 -1649.64410408
-20 -1649.64401534
-15 -1649.64390312
-10 -1649.64379476
-5 -1649.64371590
0 -1649.64368707
5 -1649.64371604
10 -1649.64379456
15 -1649.64390255
20 -1649.64401483
25 -1649.64410414
30 -1649.64414641
35 -1649.64412484
40 -1649.64402999
45 -1649.64386003
50 -1649.64362158
55 -1649.64332339
60 -1649.64298051
65 -1649.64261867
70 -1649.64226224
75 -1649.64194166
80 -1649.64168436
85 -1649.64151141
90 -1649.64143569
95 -1649.64145816
100 -1649.64157318
105 -1649.64176477
110 -1649.64200742
115 -1649.64227118
120 -1649.64252300
125 -1649.64273102
130 -1649.64287422
135 -1649.64293774
140 -1649.64290967
145 -1649.64278563
150 -1649.64256533
155 -1649.64226415
160 -1649.64190649
165 -1649.64153455
170 -1649.64120425
175 -1649.64097692
180 -1649.64089427
