-175     -3.0965103e+01
-170     -3.1101784e+01
-165     -3.1142540e+01
-160     -3.0944921e+01
-155     -3.0511242e+01
-150     -2.9814138e+01
-145     -2.8852112e+01
-140     -2.7672592e+01
-135     -2.6246792e+01
-130     -2.4718176e+01
-125     -2.3028904e+01
-120     -2.1255424e+01
-115     -1.9457127e+01
-110     -1.7684654e+01
-105     -1.6047735e+01
-100     -1.4606709e+01
-95     -1.3519512e+01
-90     -1.2866566e+01
-85     -1.2747187e+01
-80     -1.3215900e+01
-75     -1.4266654e+01
-70     -1.5844874e+01
-65     -1.7807966e+01
-60     -2.0086309e+01
-55     -2.2449511e+01
-50     -2.4783895e+01
-45     -2.7051643e+01
-40     -2.9087936e+01
-35     -3.0884943e+01
-30     -3.2408344e+01
-25     -3.3630508e+01
-20     -3.4570702e+01
-15     -3.5254463e+01
-10     -3.5719414e+01
-5     -3.5981705e+01
0     -3.6067719e+01
5     -3.5981384e+01
10     -3.5716854e+01
15     -3.5256031e+01
20     -3.4576340e+01
25     -3.3621559e+01
30     -3.2405033e+01
35     -3.0893192e+01
40     -2.9104502e+01
45     -2.7065228e+01
50     -2.4822203e+01
55     -2.2451097e+01
60     -2.0084497e+01
65     -1.7813475e+01
70     -1.5842230e+01
75     -1.4273260e+01
80     -1.3209224e+01
85     -1.2728059e+01
90     -1.2867292e+01
95     -1.3514801e+01
100     -1.4617262e+01
105     -1.6039490e+01
110     -1.7693129e+01
115     -1.9449678e+01
120     -2.1259518e+01
125     -2.3019793e+01
130     -2.4704338e+01
135     -2.6281290e+01
140     -2.7666956e+01
145     -2.8859831e+01
150     -2.9800413e+01
155     -3.0506420e+01
160     -3.0942831e+01
165     -3.1110794e+01
170     -3.1111383e+01
175     -3.0915220e+01
180     -3.0883312e+01
