-175     -1.9109087e+01
-170     -1.9975012e+01
-165     -2.1026876e+01
-160     -2.2159412e+01
-155     -2.3298498e+01
-150     -2.4397781e+01
-145     -2.5410057e+01
-140     -2.6326492e+01
-135     -2.7130455e+01
-130     -2.7845358e+01
-125     -2.8485291e+01
-120     -2.9013527e+01
-115     -2.9434515e+01
-110     -2.9792210e+01
-105     -3.0078014e+01
-100     -3.0295023e+01
-95     -3.0444408e+01
-90     -3.0562824e+01
-85     -3.0608234e+01
-80     -3.0613625e+01
-75     -3.0573971e+01
-70     -3.0442802e+01
-65     -3.0292486e+01
-60     -3.0056969e+01
-55     -2.9756273e+01
-50     -2.9357094e+01
-45     -2.8885674e+01
-40     -2.8403088e+01
-35     -2.7788233e+01
-30     -2.7173904e+01
-25     -2.6551218e+01
-20     -2.5937204e+01
-15     -2.5417887e+01
-10     -2.4995390e+01
-5     -2.4726963e+01
0     -2.4633570e+01
5     -2.4723345e+01
10     -2.4996304e+01
15     -2.5419159e+01
20     -2.5945690e+01
25     -2.6555586e+01
30     -2.7166447e+01
35     -2.7813807e+01
40     -2.8399162e+01
45     -2.8916632e+01
50     -2.9380415e+01
55     -2.9746159e+01
60     -3.0046272e+01
65     -3.0288136e+01
70     -3.0462872e+01
75     -3.0573771e+01
80     -3.0594419e+01
85     -3.0611341e+01
90     -3.0564674e+01
95     -3.0449257e+01
100     -3.0308311e+01
105     -3.0079014e+01
110     -2.9782804e+01
115     -2.9429371e+01
120     -2.8976780e+01
125     -2.8488941e+01
130     -2.7867964e+01
135     -2.7141279e+01
140     -2.6315903e+01
145     -2.5408659e+01
150     -2.4396980e+01
155     -2.3307617e+01
160     -2.2170469e+01
165     -2.1002485e+01
170     -1.9966667e+01
175     -1.9092354e+01
180     -1.8778219e+01
