-175     2.0889599e+01
-170     2.0445688e+01
-165     2.0205940e+01
-160     2.0198963e+01
-155     2.0415655e+01
-150     2.0821527e+01
-145     2.1411463e+01
-140     2.2139194e+01
-135     2.2985680e+01
-130     2.3912485e+01
-125     2.4884560e+01
-120     2.5865412e+01
-115     2.6812561e+01
-110     2.7671099e+01
-105     2.8400333e+01
-100     2.8933537e+01
-95     2.9254143e+01
-90     2.9316723e+01
-85     2.9164455e+01
-80     2.8780455e+01
-75     2.8212934e+01
-70     2.7498560e+01
-65     2.6688654e+01
-60     2.5815083e+01
-55     2.4934645e+01
-50     2.4070469e+01
-45     2.3291847e+01
-40     2.2551785e+01
-35     2.1942455e+01
-30     2.1445400e+01
-25     2.1075665e+01
-20     2.0846460e+01
-15     2.0705555e+01
-10     2.0662113e+01
-5     2.0709650e+01
0     2.0689226e+01
5     2.0671375e+01
10     2.0666988e+01
15     2.0721066e+01
20     2.0837200e+01
25     2.1075754e+01
30     2.1445580e+01
35     2.1935955e+01
40     2.2546637e+01
45     2.3285398e+01
50     2.4066994e+01
55     2.4937691e+01
60     2.5814207e+01
65     2.6700138e+01
70     2.7501318e+01
75     2.8214531e+01
80     2.8783318e+01
85     2.9163719e+01
90     2.9320719e+01
95     2.9243607e+01
100     2.8935295e+01
105     2.8401335e+01
110     2.7671566e+01
115     2.6816345e+01
120     2.5865587e+01
125     2.4889748e+01
130     2.3914967e+01
135     2.2990917e+01
140     2.2139206e+01
145     2.1413822e+01
150     2.0821039e+01
155     2.0413481e+01
160     2.0203772e+01
165     2.0207722e+01
170     2.0436745e+01
175     2.0890287e+01
180     2.1540014e+01
