-175     2.3520189e+01
-170     2.2709263e+01
-165     2.1989426e+01
-160     2.1384436e+01
-155     2.0921438e+01
-150     2.0582676e+01
-145     2.0404867e+01
-140     2.0377310e+01
-135     2.0509689e+01
-130     2.0791090e+01
-125     2.1216471e+01
-120     2.1771770e+01
-115     2.2438389e+01
-110     2.3182610e+01
-105     2.3989367e+01
-100     2.4806866e+01
-95     2.5633417e+01
-90     2.6421162e+01
-85     2.7184111e+01
-80     2.7890280e+01
-75     2.8569540e+01
-70     2.9229122e+01
-65     2.9830870e+01
-60     3.0425718e+01
-55     3.1000999e+01
-50     3.1566639e+01
-45     3.2133404e+01
-40     3.2687691e+01
-35     3.3261288e+01
-30     3.3805473e+01
-25     3.4354286e+01
-20     3.4885765e+01
-15     3.5375580e+01
-10     3.5797890e+01
-5     3.6104382e+01
0     3.6212582e+01
5     3.6099995e+01
10     3.5796787e+01
15     3.5379932e+01
20     3.4887257e+01
25     3.4355171e+01
30     3.3807568e+01
35     3.3253544e+01
40     3.2699738e+01
45     3.2138760e+01
50     3.1567829e+01
55     3.0998617e+01
60     3.0424734e+01
65     2.9831562e+01
70     2.9215954e+01
75     2.8569479e+01
80     2.7911964e+01
85     2.7188971e+01
90     2.6420462e+01
95     2.5629686e+01
100     2.4813696e+01
105     2.4003357e+01
110     2.3177982e+01
115     2.2425640e+01
120     2.1765041e+01
125     2.1206509e+01
130     2.0798634e+01
135     2.0512136e+01
140     2.0381516e+01
145     2.0403334e+01
150     2.0582140e+01
155     2.0912006e+01
160     2.1388063e+01
165     2.1988733e+01
170     2.2709322e+01
175     2.3518019e+01
180     2.4366592e+01
