113.00     -5.5191902e+01
113.25     -5.4933975e+01
113.50     -5.4917122e+01
113.75     -5.9344162e+01
114.00     -5.9363396e+01
114.25     -5.9381371e+01
114.50     -5.9373573e+01
114.75     -5.9384613e+01
115.00     -5.9402744e+01
115.25     -5.9422310e+01
115.50     -5.9412506e+01
115.75     -5.9427162e+01
116.00     -5.9441803e+01
116.25     -5.9416309e+01
116.50     -5.9447243e+01
116.75     -5.9431786e+01
117.00     -5.9498650e+01
117.25     -5.9520294e+01
117.50     -5.9486237e+01
117.75     -5.9487244e+01
118.00     -5.9525879e+01
118.25     -5.9577259e+01
118.50     -5.9536804e+01
118.75     -5.9553406e+01
119.00     -5.9589317e+01
119.25     -5.9524704e+01
119.50     -5.9553032e+01
119.75     -5.9603714e+01
120.00     -5.9572647e+01
120.25     -5.9625610e+01
120.50     -5.9633133e+01
120.75     -5.9611607e+01
121.00     -5.9664986e+01
121.25     -5.9624039e+01
121.50     -5.9659233e+01
121.75     -5.9673203e+01
122.00     -5.9695038e+01
122.25     -5.9702507e+01
122.50     -5.9704010e+01
122.75     -5.9726379e+01
123.00     -5.9733475e+01
123.25     -5.9743668e+01
123.50     -5.9758881e+01
123.75     -5.9758835e+01
124.00     -5.9765327e+01
124.25     -5.9798401e+01
124.50     -5.9784760e+01
124.75     -5.9803864e+01
125.00     -5.9813393e+01
125.25     -5.9810272e+01
125.50     -5.9844818e+01
