113.00     -5.3115971e+01
113.25     -5.3560066e+01
113.50     -5.3990456e+01
113.75     -5.4345299e+01
114.00     -5.4982460e+01
114.25     -5.5376740e+01
114.50     -5.5860840e+01
114.75     -5.6113163e+01
115.00     -5.6574146e+01
115.25     -5.6901775e+01
115.50     -5.7225990e+01
115.75     -5.7499916e+01
116.00     -5.7786396e+01
116.25     -5.8114307e+01
116.50     -5.8298512e+01
116.75     -5.8466759e+01
117.00     -5.8715057e+01
117.25     -5.8904793e+01
117.50     -5.9060307e+01
117.75     -5.9202736e+01
118.00     -5.9351742e+01
118.25     -5.9495026e+01
118.50     -5.9605293e+01
118.75     -5.9491371e+01
119.00     -5.9803764e+01
119.25     -5.9814083e+01
119.50     -5.9738235e+01
119.75     -5.9783791e+01
120.00     -5.9719982e+01
120.25     -5.9629883e+01
120.50     -5.9529324e+01
120.75     -5.9518661e+01
121.00     -5.9289597e+01
121.25     -5.9216881e+01
121.50     -5.9108215e+01
121.75     -5.8953941e+01
122.00     -5.8773697e+01
122.25     -5.8464138e+01
122.50     -5.8258198e+01
122.75     -5.8055805e+01
123.00     -5.7596931e+01
123.25     -5.7440716e+01
123.50     -5.7119389e+01
123.75     -5.6771038e+01
124.00     -5.6440853e+01
124.25     -5.6059658e+01
124.50     -5.5701363e+01
124.75     -5.5271667e+01
125.00     -5.4839569e+01
125.25     -5.4297539e+01
125.50     -5.3897736e+01
