-175     -1.3140364e+02
-170     -1.3699983e+02
-165     -1.4267516e+02
-160     -1.4879898e+02
-155     -1.5421838e+02
-150     -1.5949765e+02
-145     -1.6382944e+02
-140     -1.6813268e+02
-135     -1.7179784e+02
-130     -1.7471429e+02
-125     -1.7722386e+02
-120     -1.7915343e+02
-115     -1.8079086e+02
-110     -1.8188200e+02
-105     -1.8296555e+02
-100     -1.8360666e+02
-95     -1.8417206e+02
-90     -1.8478929e+02
-85     -1.8444250e+02
-80     -1.8465295e+02
-75     -1.8450056e+02
-70     -1.8479044e+02
-65     -1.8425330e+02
-60     -1.8366547e+02
-55     -1.8211060e+02
-50     -1.8083627e+02
-45     -1.7857544e+02
-40     -1.7612143e+02
-35     -1.7306339e+02
-30     -1.6967372e+02
-25     -1.6574985e+02
-20     -1.6148080e+02
-15     -1.5696431e+02
-10     -1.5168810e+02
-5     -1.4739294e+02
0     -1.4225772e+02
5     -1.4712030e+02
10     -1.5229160e+02
15     -1.5657784e+02
20     -1.6093999e+02
25     -1.6569055e+02
30     -1.6954825e+02
35     -1.7300119e+02
40     -1.7596259e+02
45     -1.7858459e+02
50     -1.8078720e+02
55     -1.8246881e+02
60     -1.8350790e+02
65     -1.8442876e+02
70     -1.8493448e+02
75     -1.8498143e+02
80     -1.8466022e+02
85     -1.8445921e+02
90     -1.8428233e+02
95     -1.8442285e+02
100     -1.8354626e+02
105     -1.8283417e+02
110     -1.8205858e+02
115     -1.8069690e+02
125     -1.7732172e+02
130     -1.7456587e+02
140     -1.6818510e+02
145     -1.6416501e+02
150     -1.5944759e+02
155     -1.5452322e+02
160     -1.4884929e+02
165     -1.4279849e+02
170     -1.3687601e+02
175     -1.3103200e+02
180     -1.2809132e+02
