-170     -1.7138683e+02
-165     -1.7353387e+02
-160     -1.7565437e+02
-150     -1.7834294e+02
-145     -1.7879568e+02
-140     -1.7881525e+02
-135     -1.7839511e+02
-130     -1.7820781e+02
-125     -1.7764058e+02
-120     -1.7694008e+02
-115     -1.7655225e+02
-110     -1.7598305e+02
-105     -1.7566296e+02
-100     -1.7549480e+02
-95     -1.7554459e+02
-90     -1.7573969e+02
-85     -1.7617874e+02
-80     -1.7662463e+02
-75     -1.7713190e+02
-70     -1.7833435e+02
-65     -1.7945828e+02
-60     -1.8033382e+02
-55     -1.8153102e+02
-50     -1.8271820e+02
-45     -1.8340649e+02
-40     -1.8390688e+02
-35     -1.8430305e+02
-30     -1.8413695e+02
-25     -1.8341742e+02
-20     -1.8131142e+02
-15     -1.8016322e+02
-10     -1.7766075e+02
-5     -1.7425551e+02
0     -1.7103845e+02
5     -1.7435823e+02
10     -1.7763942e+02
15     -1.8031873e+02
20     -1.8197069e+02
25     -1.8283980e+02
30     -1.8410614e+02
35     -1.8434645e+02
40     -1.8395854e+02
45     -1.8337839e+02
50     -1.8259543e+02
55     -1.8152753e+02
60     -1.8062924e+02
65     -1.7947740e+02
70     -1.7861136e+02
75     -1.7746809e+02
80     -1.7627322e+02
85     -1.7571684e+02
90     -1.7612178e+02
95     -1.7598758e+02
100     -1.7550113e+02
105     -1.7552888e+02
110     -1.7596793e+02
115     -1.7640891e+02
120     -1.7667661e+02
125     -1.7737740e+02
130     -1.7813489e+02
135     -1.7830927e+02
140     -1.7891890e+02
145     -1.7897351e+02
155     -1.7739149e+02
160     -1.7565927e+02
165     -1.7353545e+02
170     -1.7115068e+02
175     -1.6868205e+02
180     -1.6743849e+02
