-175     -1.1813737e+02
-170     -1.2428166e+02
-165     -1.3180580e+02
-160     -1.3924254e+02
-155     -1.4572203e+02
-150     -1.5217859e+02
-145     -1.5771677e+02
-140     -1.6287099e+02
-135     -1.6704239e+02
-130     -1.7080345e+02
-125     -1.7394794e+02
-120     -1.7649042e+02
-115     -1.7865353e+02
-110     -1.8030534e+02
-105     -1.8154086e+02
-100     -1.8228496e+02
-95     -1.8258054e+02
-90     -1.8249333e+02
-85     -1.8273669e+02
-80     -1.8305545e+02
-75     -1.8319832e+02
-70     -1.8302640e+02
-65     -1.8242354e+02
-60     -1.8139159e+02
-55     -1.7971199e+02
-50     -1.7752618e+02
-45     -1.7494772e+02
-40     -1.7141434e+02
-35     -1.6742456e+02
-30     -1.6312672e+02
-25     -1.5849251e+02
-20     -1.5341701e+02
-15     -1.4797995e+02
-10     -1.4195912e+02
-5     -1.3641432e+02
0     -1.3060939e+02
5     -1.3648099e+02
10     -1.4226970e+02
15     -1.4769376e+02
20     -1.5279968e+02
25     -1.5783710e+02
30     -1.6271642e+02
35     -1.6739896e+02
40     -1.7139914e+02
45     -1.7442700e+02
50     -1.7707201e+02
55     -1.7945593e+02
60     -1.8119910e+02
65     -1.8257849e+02
70     -1.8336736e+02
80     -1.8351224e+02
90     -1.8242683e+02
95     -1.8239023e+02
100     -1.8188455e+02
105     -1.8150883e+02
110     -1.8030319e+02
115     -1.7849397e+02
120     -1.7650735e+02
125     -1.7404901e+02
130     -1.7098169e+02
135     -1.6738985e+02
140     -1.6297495e+02
145     -1.5807726e+02
150     -1.5225171e+02
155     -1.4625754e+02
160     -1.3945798e+02
165     -1.3228986e+02
180     -1.1437117e+02
