-175     -1.6433786e+02
-170     -1.6606012e+02
-165     -1.6836613e+02
-160     -1.7126260e+02
-155     -1.7351904e+02
-150     -1.7528265e+02
-145     -1.7620346e+02
-140     -1.7655876e+02
-135     -1.7649298e+02
-130     -1.7604477e+02
-125     -1.7569771e+02
-120     -1.7519662e+02
-115     -1.7476207e+02
-110     -1.7463365e+02
-105     -1.7442903e+02
-100     -1.7438251e+02
-95     -1.7406479e+02
-90     -1.7395743e+02
-85     -1.7437363e+02
-80     -1.7512039e+02
-75     -1.7614806e+02
-70     -1.7723924e+02
-65     -1.7805331e+02
-60     -1.7904219e+02
-55     -1.7986214e+02
-50     -1.8068353e+02
-45     -1.8145320e+02
-40     -1.8162462e+02
-35     -1.8183252e+02
-30     -1.8182289e+02
-25     -1.8122382e+02
-20     -1.7998611e+02
-15     -1.7811703e+02
-10     -1.7534766e+02
-5     -1.7227629e+02
0     -1.6804123e+02
5     -1.7212627e+02
10     -1.7530377e+02
15     -1.7775581e+02
20     -1.7976483e+02
25     -1.8105811e+02
30     -1.8174911e+02
35     -1.8196606e+02
40     -1.8146532e+02
45     -1.8099910e+02
50     -1.8033115e+02
55     -1.7969565e+02
60     -1.7912856e+02
65     -1.7812975e+02
70     -1.7339880e+02
75     -1.7244481e+02
80     -1.7555228e+02
85     -1.7062578e+02
90     -1.6998044e+02
95     -1.7395473e+02
100     -1.7425685e+02
105     -1.7436203e+02
110     -1.7448796e+02
115     -1.7469167e+02
120     -1.7500090e+02
125     -1.7563914e+02
130     -1.7617633e+02
135     -1.7650552e+02
140     -1.7660147e+02
145     -1.7628078e+02
150     -1.7539958e+02
155     -1.7387030e+02
160     -1.7150862e+02
165     -1.6861179e+02
170     -1.5841290e+02
175     -1.6072563e+02
180     -1.6276651e+02
