-175 -2359.62060319
-170 -2359.62163304
-165 -2359.62257102
-160 -2359.62336863
-155 -2359.62403691
-150 -2359.62454855
-145 -2359.62493140
-140 -2359.62518386
-135 -2359.62530053
-130 -2359.62530102
-125 -2359.62527005
-120 -2359.62515745
-115 -2359.62498381
-110 -2359.62476341
-105 -2359.62457955
-100 -2359.62437222
-95 -2359.62428541
-90 -2359.62426691
-85 -2359.62433719
-80 -2359.62439048
-75 -2359.62456195
-70 -2359.62477337
-65 -2359.62498091
-60 -2359.62510742
-55 -2359.62527279
-50 -2359.62539604
-45 -2359.62544572
-40 -2359.62535363
-35 -2359.62511914
-30 -2359.62476550
-25 -2359.62428904
-20 -2359.62368621
-15 -2359.62299165
-10 -2359.62220288
-5 -2359.62134684
0 -2359.62050343
5 -2359.62134588
10 -2359.62219890
15 -2359.62299479
20 -2359.62368553
25 -2359.62428998
30 -2359.62476469
35 -2359.62511704
40 -2359.62535272
45 -2359.62544534
50 -2359.62539597
55 -2359.62527369
60 -2359.62510747
65 -2359.62498046
70 -2359.62477449
75 -2359.62456212
80 -2359.62439031
85 -2359.62433741
90 -2359.62426620
95 -2359.62428555
100 -2359.62437208
105 -2359.62457963
110 -2359.62481586
115 -2359.62498401
120 -2359.62515869
125 -2359.62526956
130 -2359.62530124
135 -2359.62530004
140 -2359.62518526
145 -2359.62493059
150 -2359.62455016
155 -2359.62403588
160 -2359.62337090
165 -2359.62256860
170 -2359.62162703
175 -2359.62060537
180 -2359.61955688
