-170 -2358.76955084
-160 -2358.77128173
-150 -2358.77261220
-140 -2358.77342998
-130 -2358.77380654
-120 -2358.77387082
-110 -2358.77371447
-100 -2358.77349687
-90 -2358.77336748
-80 -2358.77348749
-70 -2358.77381913
-60 -2358.77412646
-50 -2358.77427327
-40 -2358.77410560
-30 -2358.77340776
-20 -2358.77216861
-10 -2358.77058908
0 -2358.76919563
10 -2358.76923913
20 -2358.77216784
30 -2358.77340686
40 -2358.77410445
50 -2358.77427331
60 -2358.77412649
70 -2358.77381975
80 -2358.77348736
90 -2358.77336768
100 -2358.77349681
110 -2358.77371464
120 -2358.77387114
130 -2358.77380591
140 -2358.77343204
150 -2358.77261411
160 -2358.77128411
170 -2358.76954524
180 -2358.76779468
