-175     -1.6506540e+02
-170     -1.6593930e+02
-165     -1.6765759e+02
-160     -1.6893974e+02
-155     -1.7004422e+02
-150     -1.7059776e+02
-145     -1.7146931e+02
-140     -1.7194345e+02
-135     -1.7161209e+02
-130     -1.7149774e+02
-125     -1.7055263e+02
-120     -1.6971774e+02
-115     -1.6914566e+02
-110     -1.6804315e+02
-105     -1.6721417e+02
-100     -1.6693805e+02
-95     -1.6622731e+02
-90     -1.6631396e+02
-85     -1.6545369e+02
-80     -1.6720468e+02
-75     -1.6761836e+02
-70     -1.6933304e+02
-65     -1.7146835e+02
-55     -1.7425043e+02
-50     -1.7544943e+02
-45     -1.7609521e+02
-40     -1.7639674e+02
-35     -1.7637340e+02
-30     -1.7576408e+02
-25     -1.7488109e+02
-20     -1.7369025e+02
-15     -1.7224835e+02
-10     -1.7088039e+02
-5     -1.6966417e+02
0     -1.6913257e+02
5     -1.6955544e+02
15     -1.7209140e+02
20     -1.7351204e+02
25     -1.7456276e+02
30     -1.7579004e+02
35     -1.7635414e+02
40     -1.7634056e+02
45     -1.7616667e+02
50     -1.7548724e+02
55     -1.7458348e+02
60     -1.7307497e+02
65     -1.7163516e+02
70     -1.7002283e+02
75     -1.6859381e+02
80     -1.6743364e+02
85     -1.6655376e+02
90     -1.6631001e+02
95     -1.6628122e+02
100     -1.6699985e+02
105     -1.6741740e+02
110     -1.6854579e+02
120     -1.7020390e+02
125     -1.7094385e+02
130     -1.7164291e+02
135     -1.7203299e+02
140     -1.7188835e+02
145     -1.7188992e+02
150     -1.7097629e+02
155     -1.7051292e+02
160     -1.6922153e+02
165     -1.6771129e+02
170     -1.6602043e+02
175     -1.6494901e+02
180     -1.6470909e+02
