-175     -1.4552037e+02
-170     -1.4714896e+02
-165     -1.4931644e+02
-160     -1.5251547e+02
-155     -1.5509703e+02
-150     -1.5766734e+02
-145     -1.6060477e+02
-140     -1.6301581e+02
-135     -1.6522049e+02
-130     -1.6699403e+02
-125     -1.6760861e+02
-120     -1.6949518e+02
-115     -1.6992201e+02
-110     -1.7097954e+02
-105     -1.7193816e+02
-100     -1.7213329e+02
-95     -1.7275900e+02
-90     -1.7344852e+02
-85     -1.7362695e+02
-80     -1.7395786e+02
-75     -1.7498862e+02
-70     -1.7534570e+02
-65     -1.7576634e+02
-60     -1.7571718e+02
-55     -1.7586958e+02
-50     -1.7552492e+02
-45     -1.7490942e+02
-40     -1.7381776e+02
-35     -1.7267963e+02
-30     -1.7127534e+02
-25     -1.6970416e+02
-20     -1.6800465e+02
-15     -1.6625478e+02
-10     -1.6458015e+02
-5     -1.6329222e+02
0     -1.6260216e+02
5     -1.6316956e+02
15     -1.6611412e+02
20     -1.6772981e+02
25     -1.6969368e+02
30     -1.7105865e+02
35     -1.7275635e+02
40     -1.7379820e+02
45     -1.7479695e+02
50     -1.7559569e+02
55     -1.7594473e+02
60     -1.7615453e+02
65     -1.7575124e+02
70     -1.7555377e+02
75     -1.7496637e+02
80     -1.7416243e+02
85     -1.7343932e+02
90     -1.7360606e+02
95     -1.7285260e+02
100     -1.7257185e+02
105     -1.7201070e+02
110     -1.7089525e+02
115     -1.7053951e+02
120     -1.6972153e+02
125     -1.6854320e+02
130     -1.6693536e+02
135     -1.6507066e+02
140     -1.6335915e+02
145     -1.6108131e+02
150     -1.5828728e+02
155     -1.5546410e+02
160     -1.5273293e+02
165     -1.5005582e+02
170     -1.4713213e+02
180     -1.4497563e+02
