-175 -2359.33390648
-170 -2359.33443244
-165 -2359.33488552
-160 -2359.33521585
-155 -2359.33548260
-150 -2359.33569840
-145 -2359.33584103
-140 -2359.33593698
-135 -2359.33589192
-130 -2359.33576652
-125 -2359.33558195
-120 -2359.33534713
-115 -2359.33509106
-110 -2359.33482309
-105 -2359.33456811
-100 -2359.33435525
-95 -2359.33419594
-90 -2359.33424221
-85 -2359.33444433
-80 -2359.33487421
-75 -2359.33534528
-70 -2359.33589676
-65 -2359.33649739
-60 -2359.33708334
-55 -2359.33759119
-50 -2359.33792807
-45 -2359.33819113
-40 -2359.33830066
-35 -2359.33825440
-30 -2359.33805113
-25 -2359.33770070
-20 -2359.33721836
-15 -2359.33663607
-10 -2359.33598998
-5 -2359.33533184
0 -2359.33476233
5 -2359.33439690
10 -2359.33563236
15 -2359.33628656
20 -2359.33687896
25 -2359.33737774
30 -2359.33774617
35 -2359.33797093
40 -2359.33804437
45 -2359.33796356
50 -2359.33772807
55 -2359.33734924
60 -2359.33684803
65 -2359.33632381
70 -2359.33571804
75 -2359.33510870
80 -2359.33465708
85 -2359.33432721
90 -2359.33418262
95 -2359.33420007
100 -2359.33438215
105 -2359.33465518
110 -2359.33496537
115 -2359.33533850
120 -2359.33559029
125 -2359.33585623
130 -2359.33606781
135 -2359.33621082
140 -2359.33625944
145 -2359.33620519
150 -2359.33604804
155 -2359.33579292
160 -2359.33545541
165 -2359.33506240
170 -2359.33460137
175 -2359.33409519
180 -2359.33360065
