-170 -2360.36109087
-160 -2360.36357235
-150 -2360.36543332
-140 -2360.36657372
-130 -2360.36707133
-120 -2360.36706630
-110 -2360.36681508
-100 -2360.36661944
-90 -2360.36656715
-80 -2360.36669133
-70 -2360.36702173
-60 -2360.36749471
-50 -2360.36810307
-40 -2360.36887966
-30 -2360.36935773
-20 -2360.37100109
-10 -2360.37169597
0 -2360.37157988
10 -2360.37169097
20 -2360.37099165
30 -2360.36995639
40 -2360.36886913
50 -2360.36809587
60 -2360.36748898
70 -2360.36701750
80 -2360.36668891
90 -2360.36618460
100 -2360.36662076
110 -2360.36681575
120 -2360.36706820
130 -2360.36706901
140 -2360.36554210
150 -2360.36541757
160 -2360.36354855
170 -2360.36106316
180 -2360.35886724
