-175 -1649.64064115
-170 -1649.64091772
-165 -1649.64117554
-160 -1649.64148810
-155 -1649.64176678
-150 -1649.64209288
-145 -1649.64243241
-140 -1649.64257981
-135 -1649.64264139
-130 -1649.64265221
-125 -1649.64229926
-120 -1649.64221004
-115 -1649.64195622
-110 -1649.64158823
-105 -1649.64132889
-100 -1649.64102909
-95 -1649.64097556
-90 -1649.64120296
-85 -1649.64118046
-80 -1649.64132451
-75 -1649.64149978
-70 -1649.64197539
-65 -1649.64217364
-60 -1649.64271425
-55 -1649.64293126
-50 -1649.64317222
-45 -1649.64355164
-40 -1649.64362365
-35 -1649.64364059
-30 -1649.64383488
-25 -1649.64382840
-20 -1649.64367493
-15 -1649.64352031
-10 -1649.64345696
-5 -1649.64344877
0 -1649.64343634
5 -1649.64344877
10 -1649.64344596
15 -1649.64351326
20 -1649.64367493
25 -1649.64385015
30 -1649.64382098
35 -1649.64364059
40 -1649.64362365
45 -1649.64359164
50 -1649.64317222
55 -1649.64287813
60 -1649.64268733
65 -1649.64212821
70 -1649.64197539
75 -1649.64158435
80 -1649.64138360
85 -1649.64128832
90 -1649.64120640
95 -1649.64108313
100 -1649.64102909
105 -1649.64132889
110 -1649.64157970
115 -1649.64193560
120 -1649.64219246
125 -1649.64229236
130 -1649.64264149
135 -1649.64256998
140 -1649.64257830
145 -1649.64243241
150 -1649.64209288
155 -1649.64179290
160 -1649.64148810
165 -1649.64117554
170 -1649.64091772
175 -1649.64064290
180 -1649.64054054
