-180     5.6060107e+02
-170     5.3515674e+02
-160     5.0834598e+02
-150     4.7725839e+02
-140     -3.8744343e+01
-130     -4.2883080e+01
-120     -4.6295036e+01
-110     -4.8858875e+01
-100     -5.0983376e+01
-90     -5.2554276e+01
-80     -5.3759663e+01
-70     -5.4736744e+01
-60     -5.5548523e+01
-50     -5.6246662e+01
-40     -5.6933243e+01
-30     -5.7530933e+01
-20     -5.8145603e+01
-10     -5.8752026e+01
0     -5.8954784e+01
10     -5.8491051e+01
20     -5.7827911e+01
30     -5.7191071e+01
40     -5.6574215e+01
50     -5.5972767e+01
60     -5.5314747e+01
70     -5.4536461e+01
80     -5.3654911e+01
90     -5.2459896e+01
100     -5.0914215e+01
110     -4.8892529e+01
120     -4.6251446e+01
130     -4.2879845e+01
140     -3.8775166e+01
150     4.7358466e+02
160     5.0687045e+02
170     5.3385394e+02
180     5.6267053e+02
