-180     -2.9751564e+01
-170     -3.5055256e+01
-160     -4.0266121e+01
-150     -4.4335831e+01
-140     -4.7057640e+01
-130     -4.8529343e+01
-120     -4.8910610e+01
-110     -4.8746208e+01
-100     -4.8386669e+01
-90     -4.8176945e+01
-80     -4.8320076e+01
-70     -4.8892906e+01
-60     -4.9847061e+01
-50     -5.1235275e+01
-40     -5.3089546e+01
-30     -5.5221184e+01
-20     -5.7330463e+01
-10     -5.8869492e+01
0     -5.9354168e+01
10     -5.8610828e+01
20     -5.7055088e+01
30     -5.4942448e+01
40     -5.2719669e+01
50     -5.0919041e+01
60     -4.9566471e+01
70     -4.8703796e+01
80     -4.8209126e+01
90     -4.8123196e+01
100     -4.8333511e+01
110     -4.8736229e+01
120     -4.8945271e+01
130     -4.8516903e+01
140     -4.7116550e+01
150     -4.4298592e+01
160     -4.0324821e+01
170     -3.5183372e+01
180     -2.9691805e+01
