-175 -1613.81057005
-170 -1613.81096211
-165 -1613.81151314
-160 -1613.81212999
-155 -1613.81272439
-150 -1613.81326327
-145 -1613.81371564
-140 -1613.81407324
-135 -1613.81434144
-130 -1613.81452510
-125 -1613.81463529
-120 -1613.81468798
-115 -1613.81469995
-110 -1613.81469103
-105 -1613.81467973
-100 -1613.81467921
-95 -1613.81205799
-90 -1613.81472567
-85 -1613.81476430
-80 -1613.81480336
-75 -1613.81483275
-70 -1613.81483916
-65 -1613.81480754
-60 -1613.81472272
-55 -1613.81457708
-50 -1613.81436516
-45 -1613.81409527
-40 -1613.81378046
-35 -1613.81343399
-30 -1613.81307766
-25 -1613.81273041
-20 -1613.81241711
-15 -1613.81215438
-10 -1613.81196015
-5 -1613.81184454
0 -1613.81180759
5 -1613.81184472
10 -1613.81195994
15 -1613.81215325
20 -1613.81241575
25 -1613.81273077
30 -1613.81307653
35 -1613.81343299
40 -1613.81377913
45 -1613.81409578
50 -1613.81436463
55 -1613.81457608
60 -1613.81472362
65 -1613.81480761
70 -1613.81483917
75 -1613.81342807
80 -1613.81480358
85 -1613.81476447
90 -1613.81472568
95 -1613.81469514
100 -1613.81467925
105 -1613.81467976
110 -1613.81469098
115 -1613.81469993
120 -1613.81468795
125 -1613.81463548
130 -1613.81452499
135 -1613.81434111
140 -1613.81407317
145 -1613.81371552
150 -1613.81326115
155 -1613.81272504
160 -1613.81212741
165 -1613.81151430
170 -1613.81096006
175 -1613.81057055
180 -1613.81043024
