-175     9.0049561e+01
-170     8.8669586e+01
-165     8.7682602e+01
-160     8.6661781e+01
-155     8.5842957e+01
-150     8.5234894e+01
-145     8.4820786e+01
-140     8.4610046e+01
-135     8.4568619e+01
-130     8.4632217e+01
-125     8.4839737e+01
-120     8.5088348e+01
-115     8.5704041e+01
-110     8.6100037e+01
-105     8.6469551e+01
-100     8.6789627e+01
-95     8.6999352e+01
-90     8.7089828e+01
-85     8.7023735e+01
-80     8.6834351e+01
-75     8.6520424e+01
-70     8.6153427e+01
-65     8.5741768e+01
-60     8.5382011e+01
-55     8.5066742e+01
-50     8.4881355e+01
-45     8.4801628e+01
-40     8.4883026e+01
-35     8.5129196e+01
-30     8.5539017e+01
-25     8.6034142e+01
-20     8.6219696e+01
-15     8.6773636e+01
-10     8.7300522e+01
-5     8.7698929e+01
0     8.7856400e+01
5     8.7755394e+01
10     8.7412422e+01
15     8.6883415e+01
20     8.6350494e+01
25     8.5794151e+01
30     8.5339973e+01
35     8.4965363e+01
40     8.4747498e+01
45     8.4677910e+01
50     8.4742889e+01
55     8.4943459e+01
60     8.5248543e+01
65     8.5621880e+01
70     8.6292458e+01
75     8.6628365e+01
80     8.6928482e+01
85     8.7083069e+01
90     8.7140213e+01
95     8.7053253e+01
100     8.6820389e+01
105     8.6491760e+01
110     8.6099678e+01
115     8.5682526e+01
120     8.5286163e+01
125     8.4940781e+01
130     8.4697617e+01
135     8.4581085e+01
140     8.4604279e+01
145     8.4818695e+01
150     8.5208450e+01
155     8.5784760e+01
160     8.6558823e+01
165     8.7542412e+01
170     8.8715637e+01
175     9.0067940e+01
180     9.1559746e+01
