-175     9.4618637e+01
-170     9.3039955e+01
-165     9.1734421e+01
-160     9.0358543e+01
-155     8.9096848e+01
-150     8.8003860e+01
-145     8.7046768e+01
-140     8.6233871e+01
-135     8.5566887e+01
-130     8.5027138e+01
-125     8.4608490e+01
-120     8.4267288e+01
-115     8.4303871e+01
-110     8.4221611e+01
-105     8.4228249e+01
-100     8.4333656e+01
-95     8.4506706e+01
-90     8.4755898e+01
-85     8.5043404e+01
-80     8.5394753e+01
-75     8.5759384e+01
-70     8.6166992e+01
-65     8.6602425e+01
-60     8.7067139e+01
-55     8.7560036e+01
-50     8.8058762e+01
-45     8.8610069e+01
-40     8.9160194e+01
-35     8.9752800e+01
-30     9.0381020e+01
-25     9.1008583e+01
-20     9.1236786e+01
-15     9.1736198e+01
-10     9.2213814e+01
-5     9.2539330e+01
0     9.2667427e+01
5     9.2587578e+01
10     9.2301521e+01
15     9.1843788e+01
20     9.1325325e+01
25     9.0772903e+01
30     9.0181305e+01
35     8.9610764e+01
40     8.9019470e+01
45     8.8473595e+01
50     8.7940880e+01
55     8.7431259e+01
60     8.6946709e+01
65     8.6485535e+01
70     8.6285255e+01
75     8.5900932e+01
80     8.5447433e+01
85     8.5095184e+01
90     8.4789764e+01
95     8.4550064e+01
100     8.4374962e+01
105     8.4274101e+01
110     8.4228973e+01
115     8.4288254e+01
120     8.4456001e+01
125     8.4721573e+01
130     8.5108459e+01
135     8.5621239e+01
140     8.6267235e+01
145     8.7057281e+01
150     8.7986816e+01
155     8.9056717e+01
160     9.0287102e+01
165     9.1596344e+01
170     9.3064636e+01
175     9.4631447e+01
180     9.6268669e+01
