-175     2.5552494e+01
-170     2.5050436e+01
-165     2.4605419e+01
-160     2.4332649e+01
-155     2.4308165e+01
-150     2.4541641e+01
-145     2.5045473e+01
-140     2.5813301e+01
-135     2.6792738e+01
-130     2.7981905e+01
-125     2.9329548e+01
-120     3.0755548e+01
-115     3.2206425e+01
-110     3.3582214e+01
-105     3.4795433e+01
-100     3.5735641e+01
-95     3.6315956e+01
-90     3.6484383e+01
-85     3.6191620e+01
-80     3.5453644e+01
-75     3.4336090e+01
-70     3.2920254e+01
-65     3.1322874e+01
-60     2.9638401e+01
-55     2.7989220e+01
-50     2.6425545e+01
-45     2.5051830e+01
-40     2.3894077e+01
-35     2.2997366e+01
-30     2.2360195e+01
-25     2.1976961e+01
-20     2.1825672e+01
-15     2.1865681e+01
-10     2.2031092e+01
-5     2.2230347e+01
0     2.2332928e+01
5     2.2227785e+01
10     2.2031876e+01
15     2.1864738e+01
20     2.1825562e+01
25     2.1977747e+01
30     2.2356461e+01
35     2.2995708e+01
40     2.3898264e+01
45     2.5048704e+01
50     2.6429762e+01
55     2.7978140e+01
60     2.9638861e+01
65     3.1320467e+01
70     3.2918343e+01
75     3.4331520e+01
80     3.5450306e+01
85     3.6185051e+01
90     3.6482922e+01
95     3.6324883e+01
100     3.5731190e+01
105     3.4791336e+01
110     3.3581375e+01
115     3.2206909e+01
120     3.0757301e+01
125     2.9322489e+01
130     2.7991611e+01
135     2.6789955e+01
140     2.5798903e+01
145     2.5038181e+01
150     2.4541704e+01
155     2.4309277e+01
160     2.4334150e+01
165     2.4591908e+01
170     2.5040224e+01
175     2.5611879e+01
180     2.5838331e+01
