-175     3.5268005e+01
-170     3.4280571e+01
-165     3.3133461e+01
-160     3.1919308e+01
-155     3.0741686e+01
-150     2.9622328e+01
-145     2.8578653e+01
-140     2.7627184e+01
-135     2.6748579e+01
-130     2.5975925e+01
-125     2.5280907e+01
-120     2.4670820e+01
-115     2.4133854e+01
-110     2.3667097e+01
-105     2.3263182e+01
-100     2.2912565e+01
-95     2.2613445e+01
-90     2.2357136e+01
-85     2.2152617e+01
-80     2.1994936e+01
-75     2.1882822e+01
-70     2.1836365e+01
-65     2.1830141e+01
-60     2.1896782e+01
-55     2.2038261e+01
-50     2.2261602e+01
-45     2.2561901e+01
-40     2.2950563e+01
-35     2.3420841e+01
-30     2.3967688e+01
-25     2.4571411e+01
-20     2.5212982e+01
-15     2.5858219e+01
-10     2.6451141e+01
-5     2.6920647e+01
0     2.7099195e+01
5     2.6912428e+01
10     2.6455551e+01
15     2.5856367e+01
20     2.5211494e+01
25     2.4569433e+01
30     2.3965509e+01
35     2.3421303e+01
40     2.2950941e+01
45     2.2562864e+01
50     2.2259323e+01
55     2.2039131e+01
60     2.1897215e+01
65     2.1828341e+01
70     2.1826954e+01
75     2.1881771e+01
80     2.1993801e+01
85     2.2156679e+01
90     2.2358761e+01
95     2.2614279e+01
100     2.2912064e+01
105     2.3266026e+01
110     2.3670517e+01
115     2.4132841e+01
120     2.4674658e+01
125     2.5280392e+01
130     2.5973177e+01
135     2.6751408e+01
140     2.7621891e+01
145     2.8575577e+01
150     2.9620903e+01
155     3.0743671e+01
160     3.1923944e+01
165     3.3124371e+01
170     3.4279312e+01
175     3.5286808e+01
180     3.5753422e+01
